2705
#Preseason forecast data
#Agency; 1 = FRI, Forecaster; 1 = Hilborn/Chasco and 2 = Don
#Agency; 2 = ADFG, Forecaster; 1 = ADFG
#Agency	Forecaster	ReturnYr	Dist	SystemID	fwAge	oAge	return
2	1	1967	325	1	1	2	1189
2	1	1967	325	1	1	3	1162
2	1	1967	325	1	2	3	85
2	1	1967	325	1	2	2	183
2	1	1967	325	2	0	0	0
2	1	1967	325	2	1	2	75
2	1	1967	325	2	1	3	90
2	1	1967	325	2	2	3	18
2	1	1967	325	2	2	2	2
2	1	1967	325	3	1	3	5
2	1	1967	325	3	1	2	34
2	1	1967	325	3	2	3	127
2	1	1967	325	3	2	2	1
2	1	1967	324	4	1	3	220
2	1	1967	324	4	1	2	142
2	1	1967	324	4	2	3	2139
2	1	1967	324	4	2	2	1746
2	1	1967	324	5	1	2	571
2	1	1967	324	5	1	3	474
2	1	1967	324	5	2	2	1095
2	1	1967	324	5	2	3	532
2	1	1967	322	7	1	3	151
2	1	1967	322	7	1	2	79
2	1	1967	322	7	2	3	540
2	1	1967	322	7	2	2	1545
2	1	1967	321	8	1	3	395
2	1	1967	321	8	1	2	56
2	1	1967	321	8	2	2	404
2	1	1967	321	8	2	3	135
2	1	1967	326	9	1	3	82
2	1	1967	326	9	1	2	90
2	1	1967	326	9	2	3	12
2	1	1967	326	9	2	2	6
2	1	1968	325	1	1	3	460
2	1	1968	325	1	1	2	1955
2	1	1968	325	1	2	3	26
2	1	1968	325	1	2	2	95
2	1	1968	325	2	0	0	0
2	1	1968	325	2	1	3	248
2	1	1968	325	2	1	2	162
2	1	1968	325	2	2	2	14
2	1	1968	325	2	2	3	16
2	1	1968	325	3	1	3	209
2	1	1968	325	3	1	2	47
2	1	1968	325	3	2	2	15
2	1	1968	325	3	2	3	1
2	1	1968	324	4	1	2	209
2	1	1968	324	4	1	3	32
2	1	1968	324	4	2	2	96
2	1	1968	324	4	2	3	537
2	1	1968	324	5	1	3	769
2	1	1968	324	5	1	2	374
2	1	1968	324	5	2	3	574
2	1	1968	324	5	2	2	578
2	1	1968	322	7	1	3	69
2	1	1968	322	7	1	2	373
2	1	1968	322	7	2	2	1109
2	1	1968	322	7	2	3	542
2	1	1968	321	8	1	2	405
2	1	1968	321	8	1	3	49
2	1	1968	321	8	2	2	570
2	1	1968	321	8	2	3	26
2	1	1968	326	9	1	2	95
2	1	1968	326	9	1	3	99
2	1	1968	326	9	2	2	19
2	1	1968	326	9	2	3	9
2	1	1969	325	1	1	2	928
2	1	1969	325	1	1	3	568
2	1	1969	325	1	2	3	26
2	1	1969	325	1	2	2	96
2	1	1969	325	2	0	0	14
2	1	1969	325	2	1	3	277
2	1	1969	325	2	1	2	70
2	1	1969	325	2	2	3	9
2	1	1969	325	2	2	2	39
2	1	1969	325	3	1	2	65
2	1	1969	325	3	1	3	278
2	1	1969	325	3	2	3	45
2	1	1969	325	3	2	2	36
2	1	1969	324	4	1	3	690
2	1	1969	324	4	1	2	8927
2	1	1969	324	4	2	2	3113
2	1	1969	324	4	2	3	50
2	1	1969	324	5	1	3	375
2	1	1969	324	5	1	2	105
2	1	1969	324	5	2	2	1396
2	1	1969	324	5	2	3	865
2	1	1969	322	7	1	2	34
2	1	1969	322	7	1	3	196
2	1	1969	322	7	2	3	523
2	1	1969	322	7	2	2	1186
2	1	1969	321	8	1	2	91
2	1	1969	321	8	1	3	47
2	1	1969	321	8	2	2	549
2	1	1969	321	8	2	3	25
2	1	1969	326	9	1	3	64
2	1	1969	326	9	1	2	82
2	1	1969	326	9	2	2	16
2	1	1969	326	9	2	3	18
2	1	1970	325	1	1	2	1256
2	1	1970	325	1	1	3	500
2	1	1970	325	1	2	3	90
2	1	1970	325	1	2	2	202
2	1	1970	325	2	0	0	33
2	1	1970	325	2	1	2	84
2	1	1970	325	2	1	3	470
2	1	1970	325	2	2	2	15
2	1	1970	325	2	2	3	16
2	1	1970	325	3	1	3	589
2	1	1970	325	3	1	2	78
2	1	1970	325	3	2	2	46
2	1	1970	325	3	2	3	101
2	1	1970	324	4	1	3	3024
2	1	1970	324	4	1	2	882
2	1	1970	324	4	2	3	562
2	1	1970	324	4	2	2	44234
2	1	1970	324	5	1	3	697
2	1	1970	324	5	1	2	307
2	1	1970	324	5	2	2	1548
2	1	1970	324	5	2	3	889
2	1	1970	322	7	1	2	38
2	1	1970	322	7	1	3	123
2	1	1970	322	7	2	2	3412
2	1	1970	322	7	2	3	1110
2	1	1970	321	8	1	3	158
2	1	1970	321	8	1	2	687
2	1	1970	321	8	2	3	100
2	1	1970	321	8	2	2	434
2	1	1970	326	9	1	3	206
2	1	1970	326	9	1	2	83
2	1	1970	326	9	2	3	19
2	1	1970	326	9	2	2	10
2	1	1971	325	1	1	2	685
2	1	1971	325	1	1	3	720
2	1	1971	325	1	2	2	201
2	1	1971	325	1	2	3	38
2	1	1971	325	2	0	0	35
2	1	1971	325	2	1	2	22
2	1	1971	325	2	1	3	341
2	1	1971	325	2	2	3	12
2	1	1971	325	2	2	2	12
2	1	1971	325	3	1	3	286
2	1	1971	325	3	1	2	105
2	1	1971	325	3	2	3	115
2	1	1971	325	3	2	2	59
2	1	1971	324	4	1	2	1728
2	1	1971	324	4	1	3	166
2	1	1971	324	4	2	3	3272
2	1	1971	324	4	2	2	1183
2	1	1971	324	5	1	2	330
2	1	1971	324	5	1	3	649
2	1	1971	324	5	2	2	575
2	1	1971	324	5	2	3	635
2	1	1971	322	7	1	3	121
2	1	1971	322	7	1	2	50
2	1	1971	322	7	2	2	818
2	1	1971	322	7	2	3	1042
2	1	1971	321	8	1	3	695
2	1	1971	321	8	1	2	104
2	1	1971	321	8	2	2	295
2	1	1971	321	8	2	3	56
2	1	1971	326	9	1	2	68
2	1	1971	326	9	1	3	271
2	1	1971	326	9	2	2	10
2	1	1971	326	9	2	3	14
2	1	1972	325	1	1	2	762
2	1	1972	325	1	1	3	439
2	1	1972	325	1	2	2	163
2	1	1972	325	1	2	3	50
2	1	1972	325	2	0	0	19
2	1	1972	325	2	1	2	49
2	1	1972	325	2	1	3	154
2	1	1972	325	2	2	2	4
2	1	1972	325	2	2	3	12
2	1	1972	325	3	1	3	247
2	1	1972	325	3	1	2	98
2	1	1972	325	3	2	3	18
2	1	1972	325	3	2	2	59
2	1	1972	324	4	1	3	279
2	1	1972	324	4	1	2	956
2	1	1972	324	4	2	2	2175
2	1	1972	324	4	2	3	449
2	1	1972	324	5	1	3	485
2	1	1972	324	5	1	2	202
2	1	1972	324	5	2	2	323
2	1	1972	324	5	2	3	436
2	1	1972	322	7	1	3	150
2	1	1972	322	7	1	2	46
2	1	1972	322	7	2	2	887
2	1	1972	322	7	2	3	457
2	1	1972	321	8	1	2	21
2	1	1972	321	8	1	3	98
2	1	1972	321	8	2	3	38
2	1	1972	321	8	2	2	108
2	1	1972	326	9	1	2	57
2	1	1972	326	9	1	3	45
2	1	1972	326	9	2	2	7
2	1	1972	326	9	2	3	17
2	1	1973	325	1	1	2	158
2	1	1973	325	1	1	3	518
2	1	1973	325	1	2	2	57
2	1	1973	325	1	2	3	46
2	1	1973	325	2	0	0	7
2	1	1973	325	2	1	3	192
2	1	1973	325	2	1	2	7
2	1	1973	325	2	2	2	2
2	1	1973	325	2	2	3	8
2	1	1973	325	3	1	2	20
2	1	1973	325	3	1	3	263
2	1	1973	325	3	2	2	23
2	1	1973	325	3	2	3	14
2	1	1973	324	4	1	2	1289
2	1	1973	324	4	1	3	260
2	1	1973	324	4	2	3	427
2	1	1973	324	4	2	2	420
2	1	1973	324	5	1	3	380
2	1	1973	324	5	1	2	58
2	1	1973	324	5	2	3	348
2	1	1973	324	5	2	2	150
2	1	1973	322	7	1	2	10
2	1	1973	322	7	1	3	69
2	1	1973	322	7	2	3	575
2	1	1973	322	7	2	2	340
2	1	1973	321	8	1	3	92
2	1	1973	321	8	1	2	11
2	1	1973	321	8	2	2	43
2	1	1973	321	8	2	3	42
2	1	1973	326	9	1	3	88
2	1	1973	326	9	1	2	10
2	1	1973	326	9	2	3	17
2	1	1973	326	9	2	2	4
2	1	1974	325	1	1	2	237
2	1	1974	325	1	1	3	148
2	1	1974	325	1	2	3	2
2	1	1974	325	1	2	2	12
2	1	1974	325	2	0	0	0
2	1	1974	325	2	1	2	16
2	1	1974	325	2	1	3	201
2	1	1974	325	2	2	2	0
2	1	1974	325	2	2	3	2
2	1	1974	325	3	1	3	38
2	1	1974	325	3	1	2	28
2	1	1974	325	3	2	2	5
2	1	1974	325	3	2	3	2
2	1	1974	324	4	1	3	150
2	1	1974	324	4	1	2	162
2	1	1974	324	4	2	2	2699
2	1	1974	324	4	2	3	18
2	1	1974	324	5	1	3	353
2	1	1974	324	5	1	2	9
2	1	1974	324	5	2	2	137
2	1	1974	324	5	2	3	148
2	1	1974	322	7	1	2	3
2	1	1974	322	7	1	3	51
2	1	1974	322	7	2	3	103
2	1	1974	322	7	2	2	12
2	1	1974	321	8	1	3	8
2	1	1974	321	8	1	2	22
2	1	1974	321	8	2	3	9
2	1	1974	321	8	2	2	51
2	1	1974	326	9	1	3	122
2	1	1974	326	9	1	2	117
2	1	1974	326	9	2	3	21
2	1	1974	326	9	2	2	37
2	1	1975	325	1	1	3	511
2	1	1975	325	1	1	2	838
2	1	1975	325	1	2	2	209
2	1	1975	325	1	2	3	55
2	1	1975	325	2	0	0	0
2	1	1975	325	2	1	3	259
2	1	1975	325	2	1	2	92
2	1	1975	325	2	2	3	41
2	1	1975	325	2	2	2	14
2	1	1975	325	3	1	3	176
2	1	1975	325	3	1	2	103
2	1	1975	325	3	2	2	51
2	1	1975	325	3	2	3	147
2	1	1975	324	4	1	3	104
2	1	1975	324	4	1	2	8
2	1	1975	324	4	2	3	533
2	1	1975	324	4	2	2	6206
2	1	1975	324	5	1	2	38
2	1	1975	324	5	1	3	414
2	1	1975	324	5	2	2	212
2	1	1975	324	5	2	3	562
2	1	1975	322	7	1	2	63
2	1	1975	322	7	1	3	98
2	1	1975	322	7	2	2	672
2	1	1975	322	7	2	3	672
2	1	1975	321	8	1	2	63
2	1	1975	321	8	1	3	21
2	1	1975	321	8	2	3	24
2	1	1975	321	8	2	2	172
2	1	1975	326	9	1	3	98
2	1	1975	326	9	1	2	68
2	1	1975	326	9	2	2	15
2	1	1975	326	9	2	3	10
2	1	1976	325	1	1	2	461
2	1	1976	325	1	1	3	564
2	1	1976	325	1	2	2	193
2	1	1976	325	1	2	3	76
2	1	1976	325	2	0	0	0
2	1	1976	325	2	1	3	528
2	1	1976	325	2	1	2	22
2	1	1976	325	2	2	2	31
2	1	1976	325	2	2	3	49
2	1	1976	325	3	1	2	35
2	1	1976	325	3	1	3	204
2	1	1976	325	3	2	2	52
2	1	1976	325	3	2	3	57
2	1	1976	324	4	1	3	189
2	1	1976	324	4	1	2	342
2	1	1976	324	4	2	2	2419
2	1	1976	324	4	2	3	1983
2	1	1976	324	5	1	3	562
2	1	1976	324	5	1	2	7
2	1	1976	324	5	2	2	557
2	1	1976	324	5	2	3	897
2	1	1976	322	7	1	2	61
2	1	1976	322	7	1	3	78
2	1	1976	322	7	2	2	666
2	1	1976	322	7	2	3	652
2	1	1976	321	8	1	3	120
2	1	1976	321	8	1	2	24
2	1	1976	321	8	2	3	83
2	1	1976	321	8	2	2	513
2	1	1976	326	9	1	2	55
2	1	1976	326	9	1	3	200
2	1	1976	326	9	2	3	19
2	1	1976	326	9	2	2	19
2	1	1977	325	1	1	3	468
2	1	1977	325	1	1	2	319
2	1	1977	325	1	2	2	103
2	1	1977	325	1	2	3	68
2	1	1977	325	2	0	0	0
2	1	1977	325	2	1	2	64
2	1	1977	325	2	1	3	229
2	1	1977	325	2	2	3	25
2	1	1977	325	2	2	2	5
2	1	1977	325	3	1	2	69
2	1	1977	325	3	1	3	253
2	1	1977	325	3	2	3	45
2	1	1977	325	3	2	2	41
2	1	1977	324	4	1	3	139
2	1	1977	324	4	1	2	320
2	1	1977	324	4	2	2	1394
2	1	1977	324	4	2	3	416
2	1	1977	324	5	1	3	478
2	1	1977	324	5	1	2	273
2	1	1977	324	5	2	3	666
2	1	1977	324	5	2	2	680
2	1	1977	322	7	1	3	108
2	1	1977	322	7	1	2	48
2	1	1977	322	7	2	2	525
2	1	1977	322	7	2	3	926
2	1	1977	321	8	1	3	39
2	1	1977	321	8	1	2	6
2	1	1977	321	8	2	2	96
2	1	1977	321	8	2	3	116
2	1	1977	326	9	1	2	57
2	1	1977	326	9	1	3	146
2	1	1977	326	9	2	2	19
2	1	1977	326	9	2	3	33
2	1	1978	325	1	1	2	1435
2	1	1978	325	1	1	3	199
2	1	1978	325	1	2	2	60
2	1	1978	325	1	2	3	26
2	1	1978	325	2	0	0	0
2	1	1978	325	2	1	3	299
2	1	1978	325	2	1	2	92
2	1	1978	325	2	2	2	23
2	1	1978	325	2	2	3	32
2	1	1978	325	3	1	2	98
2	1	1978	325	3	1	3	108
2	1	1978	325	3	2	2	19
2	1	1978	325	3	2	3	18
2	1	1978	324	4	1	3	278
2	1	1978	324	4	1	2	4484
2	1	1978	324	4	2	3	157
2	1	1978	324	4	2	2	170
2	1	1978	324	5	1	2	242
2	1	1978	324	5	1	3	596
2	1	1978	324	5	2	2	296
2	1	1978	324	5	2	3	563
2	1	1978	322	7	1	3	115
2	1	1978	322	7	1	2	73
2	1	1978	322	7	2	2	463
2	1	1978	322	7	2	3	873
2	1	1978	321	8	1	2	30
2	1	1978	321	8	1	3	121
2	1	1978	321	8	2	2	52
2	1	1978	321	8	2	3	44
2	1	1978	326	9	1	2	56
2	1	1978	326	9	1	3	174
2	1	1978	326	9	2	3	17
2	1	1978	326	9	2	2	42
2	1	1979	325	1	1	2	1078
2	1	1979	325	1	1	3	1036
2	1	1979	325	1	2	2	427
2	1	1979	325	1	2	3	38
2	1	1979	325	2	0	0	0
2	1	1979	325	2	1	2	384
2	1	1979	325	2	1	3	407
2	1	1979	325	2	2	3	52
2	1	1979	325	2	2	2	58
2	1	1979	325	3	1	3	654
2	1	1979	325	3	1	2	100
2	1	1979	325	3	2	2	52
2	1	1979	325	3	2	3	51
2	1	1979	324	4	1	3	1272
2	1	1979	324	4	1	2	4318
2	1	1979	324	4	2	3	146
2	1	1979	324	4	2	2	6613
2	1	1979	324	5	1	3	441
2	1	1979	324	5	1	2	307
2	1	1979	324	5	2	2	684
2	1	1979	324	5	2	3	312
2	1	1979	322	7	1	3	224
2	1	1979	322	7	1	2	91
2	1	1979	322	7	2	3	398
2	1	1979	322	7	2	2	1458
2	1	1979	321	8	1	2	459
2	1	1979	321	8	1	3	67
2	1	1979	321	8	2	2	447
2	1	1979	321	8	2	3	10
2	1	1979	326	9	1	3	288
2	1	1979	326	9	1	2	95
2	1	1979	326	9	2	2	49
2	1	1979	326	9	2	3	35
2	1	1980	325	1	1	3	1076
2	1	1980	325	1	1	2	952
2	1	1980	325	1	2	3	178
2	1	1980	325	1	2	2	132
2	1	1980	325	2	0	0	0
2	1	1980	325	2	1	3	2038
2	1	1980	325	2	1	2	170
2	1	1980	325	2	2	2	124
2	1	1980	325	2	2	3	40
2	1	1980	325	3	1	3	1000
2	1	1980	325	3	1	2	97
2	1	1980	325	3	2	3	164
2	1	1980	325	3	2	2	164
2	1	1980	324	4	1	3	2177
2	1	1980	324	4	1	2	1804
2	1	1980	324	4	2	3	1850
2	1	1980	324	4	2	2	34233
2	1	1980	324	5	1	2	319
2	1	1980	324	5	1	3	793
2	1	1980	324	5	2	2	685
2	1	1980	324	5	2	3	906
2	1	1980	322	7	1	3	309
2	1	1980	322	7	1	2	130
2	1	1980	322	7	2	3	1697
2	1	1980	322	7	2	2	1309
2	1	1980	321	8	1	2	141
2	1	1980	321	8	1	3	445
2	1	1980	321	8	2	3	189
2	1	1980	321	8	2	2	713
2	1	1980	326	9	1	3	373
2	1	1980	326	9	1	2	91
2	1	1980	326	9	2	3	35
2	1	1980	326	9	2	2	32
2	1	1981	325	1	1	2	810
2	1	1981	325	1	1	3	1175
2	1	1981	325	1	2	2	189
2	1	1981	325	1	2	3	162
2	1	1981	325	2	0	0	0
2	1	1981	325	2	1	2	174
2	1	1981	325	2	1	3	886
2	1	1981	325	2	2	2	70
2	1	1981	325	2	2	3	242
2	1	1981	325	3	1	2	67
2	1	1981	325	3	1	3	1453
2	1	1981	325	3	2	2	193
2	1	1981	325	3	2	3	281
2	1	1981	324	4	1	2	1433
2	1	1981	324	4	1	3	1483
2	1	1981	324	4	2	2	4991
2	1	1981	324	4	2	3	2512
2	1	1981	324	5	1	2	302
2	1	1981	324	5	1	3	1281
2	1	1981	324	5	2	3	1113
2	1	1981	324	5	2	2	649
2	1	1981	322	7	1	2	324
2	1	1981	322	7	1	3	287
2	1	1981	322	7	2	2	1396
2	1	1981	322	7	2	3	1166
2	1	1981	321	8	1	3	655
2	1	1981	321	8	1	2	350
2	1	1981	321	8	2	3	437
2	1	1981	321	8	2	2	1587
2	1	1981	326	9	1	2	136
2	1	1981	326	9	1	3	333
2	1	1981	326	9	2	3	108
2	1	1981	326	9	2	2	70
2	1	1982	325	1	1	3	2133
2	1	1982	325	1	1	2	2516
2	1	1982	325	1	2	3	211
2	1	1982	325	1	2	2	40
2	1	1982	325	2	0	0	0
2	1	1982	325	2	1	2	758
2	1	1982	325	2	1	3	2021
2	1	1982	325	2	2	3	292
2	1	1982	325	2	2	2	33
2	1	1982	325	3	1	3	836
2	1	1982	325	3	1	2	580
2	1	1982	325	3	2	3	210
2	1	1982	325	3	2	2	201
2	1	1982	324	4	1	2	9773
2	1	1982	324	4	1	3	587
2	1	1982	324	4	2	2	2105
2	1	1982	324	4	2	3	614
2	1	1982	324	5	1	3	1335
2	1	1982	324	5	1	2	307
2	1	1982	324	5	2	2	1276
2	1	1982	324	5	2	3	894
2	1	1982	322	7	1	2	746
2	1	1982	322	7	1	3	986
2	1	1982	322	7	2	3	1032
2	1	1982	322	7	2	2	1472
2	1	1982	321	8	1	3	510
2	1	1982	321	8	1	2	149
2	1	1982	321	8	2	3	340
2	1	1982	321	8	2	2	1066
2	1	1982	326	9	1	3	449
2	1	1982	326	9	1	2	364
2	1	1982	326	9	2	2	96
2	1	1982	326	9	2	3	28
2	1	1983	325	1	1	3	899
2	1	1983	325	1	1	2	1647
2	1	1983	325	1	2	2	616
2	1	1983	325	1	2	3	94
2	1	1983	325	2	0	0	0
2	1	1983	325	2	1	3	1365
2	1	1983	325	2	1	2	301
2	1	1983	325	2	2	3	102
2	1	1983	325	2	2	2	81
2	1	1983	325	3	1	3	299
2	1	1983	325	3	1	2	153
2	1	1983	325	3	2	3	131
2	1	1983	325	3	2	2	57
2	1	1983	324	4	1	3	962
2	1	1983	324	4	1	2	6616
2	1	1983	324	4	2	3	374
2	1	1983	324	4	2	2	1786
2	1	1983	324	5	1	3	949
2	1	1983	324	5	1	2	511
2	1	1983	324	5	2	2	780
2	1	1983	324	5	2	3	704
2	1	1983	322	7	1	3	433
2	1	1983	322	7	1	2	666
2	1	1983	322	7	2	2	1342
2	1	1983	322	7	2	3	974
2	1	1983	321	8	1	2	3305
2	1	1983	321	8	1	3	215
2	1	1983	321	8	2	2	424
2	1	1983	321	8	2	3	233
2	1	1983	326	9	1	2	172
2	1	1983	326	9	1	3	302
2	1	1983	326	9	2	3	44
2	1	1983	326	9	2	2	71
2	1	1984	325	1	1	3	2492
2	1	1984	325	1	1	2	1353
2	1	1984	325	1	2	2	481
2	1	1984	325	1	2	3	258
2	1	1984	325	2	0	0	0
2	1	1984	325	2	1	2	650
2	1	1984	325	2	1	3	2140
2	1	1984	325	2	2	2	86
2	1	1984	325	2	2	3	69
2	1	1984	325	3	1	2	347
2	1	1984	325	3	1	3	856
2	1	1984	325	3	2	2	184
2	1	1984	325	3	2	3	52
2	1	1984	324	4	1	3	2982
2	1	1984	324	4	1	2	6041
2	1	1984	324	4	2	2	7314
2	1	1984	324	4	2	3	367
2	1	1984	324	5	1	2	595
2	1	1984	324	5	1	3	2549
2	1	1984	324	5	2	3	1090
2	1	1984	324	5	2	2	895
2	1	1984	322	7	1	2	354
2	1	1984	322	7	1	3	973
2	1	1984	322	7	2	2	1917
2	1	1984	322	7	2	3	2844
2	1	1984	321	8	1	3	1177
2	1	1984	321	8	1	2	394
2	1	1984	321	8	2	2	1476
2	1	1984	321	8	2	3	249
2	1	1984	326	9	1	3	454
2	1	1984	326	9	1	2	203
2	1	1984	326	9	2	3	55
2	1	1984	326	9	2	2	67
2	1	1985	325	1	1	2	950
2	1	1985	325	1	1	3	835
2	1	1985	325	1	2	2	474
2	1	1985	325	1	2	3	75
2	1	1985	325	2	0	0	0
2	1	1985	325	2	1	3	497
2	1	1985	325	2	1	2	1119
2	1	1985	325	2	2	2	57
2	1	1985	325	2	2	3	33
2	1	1985	325	3	1	2	187
2	1	1985	325	3	1	3	62
2	1	1985	325	3	2	2	16
2	1	1985	325	3	2	3	42
2	1	1985	324	4	1	2	938
2	1	1985	324	4	1	3	1271
2	1	1985	324	4	2	2	7841
2	1	1985	324	4	2	3	2132
2	1	1985	324	5	1	2	1094
2	1	1985	324	5	1	3	1022
2	1	1985	324	5	2	2	1972
2	1	1985	324	5	2	3	780
2	1	1985	322	7	1	3	704
2	1	1985	322	7	1	2	287
2	1	1985	322	7	2	3	1461
2	1	1985	322	7	2	2	4138
2	1	1985	321	8	1	3	824
2	1	1985	321	8	1	2	881
2	1	1985	321	8	2	2	3391
2	1	1985	321	8	2	3	525
2	1	1985	326	9	1	2	398
2	1	1985	326	9	1	3	305
2	1	1985	326	9	2	2	215
2	1	1985	326	9	2	3	31
2	1	1986	325	1	1	2	799
2	1	1986	325	1	1	3	774
2	1	1986	325	1	2	3	42
2	1	1986	325	1	2	2	86
2	1	1986	325	2	0	0	0
2	1	1986	325	2	1	2	176
2	1	1986	325	2	1	3	1157
2	1	1986	325	2	2	2	68
2	1	1986	325	2	2	3	36
2	1	1986	325	3	1	2	136
2	1	1986	325	3	1	3	456
2	1	1986	325	3	2	3	23
2	1	1986	325	3	2	2	88
2	1	1986	324	4	1	3	241
2	1	1986	324	4	1	2	1226
2	1	1986	324	4	2	2	2257
2	1	1986	324	4	2	3	739
2	1	1986	324	5	1	2	558
2	1	1986	324	5	1	3	935
2	1	1986	324	5	2	3	725
2	1	1986	324	5	2	2	960
2	1	1986	322	7	1	2	304
2	1	1986	322	7	1	3	388
2	1	1986	322	7	2	3	1857
2	1	1986	322	7	2	2	2867
2	1	1986	321	8	1	2	454
2	1	1986	321	8	1	3	1342
2	1	1986	321	8	2	3	722
2	1	1986	321	8	2	2	2378
2	1	1986	326	9	1	3	299
2	1	1986	326	9	1	2	143
2	1	1986	326	9	2	3	18
2	1	1986	326	9	2	2	61
2	1	1987	325	1	1	3	891
2	1	1987	325	1	1	2	878
2	1	1987	325	1	2	2	130
2	1	1987	325	1	2	3	66
2	1	1987	325	2	0	0	0
2	1	1987	325	2	1	3	574
2	1	1987	325	2	1	2	196
2	1	1987	325	2	2	2	46
2	1	1987	325	2	2	3	34
2	1	1987	325	3	1	3	343
2	1	1987	325	3	1	2	87
2	1	1987	325	3	2	2	58
2	1	1987	325	3	2	3	30
2	1	1987	324	4	1	3	393
2	1	1987	324	4	1	2	1019
2	1	1987	324	4	2	2	970
2	1	1987	324	4	2	3	334
2	1	1987	324	5	1	2	229
2	1	1987	324	5	1	3	703
2	1	1987	324	5	2	2	487
2	1	1987	324	5	2	3	635
2	1	1987	322	7	1	3	924
2	1	1987	322	7	1	2	1187
2	1	1987	322	7	2	3	930
2	1	1987	322	7	2	2	1824
2	1	1987	321	8	1	2	415
2	1	1987	321	8	1	3	1264
2	1	1987	321	8	2	2	829
2	1	1987	321	8	2	3	608
2	1	1987	326	9	1	2	98
2	1	1987	326	9	1	3	262
2	1	1987	326	9	2	2	27
2	1	1987	326	9	2	3	14
2	1	1988	325	1	1	2	1116
2	1	1988	325	1	1	3	1638
2	1	1988	325	1	2	3	77
2	1	1988	325	1	2	2	190
2	1	1988	325	2	0	0	0
2	1	1988	325	2	1	3	1472
2	1	1988	325	2	1	2	273
2	1	1988	325	2	2	2	11
2	1	1988	325	2	2	3	78
2	1	1988	325	3	1	2	247
2	1	1988	325	3	1	3	824
2	1	1988	325	3	2	2	40
2	1	1988	325	3	2	3	55
2	1	1988	324	4	1	3	1275
2	1	1988	324	4	1	2	4816
2	1	1988	324	4	2	3	299
2	1	1988	324	4	2	2	2915
2	1	1988	324	5	1	3	702
2	1	1988	324	5	1	2	289
2	1	1988	324	5	2	2	800
2	1	1988	324	5	2	3	659
2	1	1988	322	7	1	3	2195
2	1	1988	322	7	1	2	609
2	1	1988	322	7	2	2	2191
2	1	1988	322	7	2	3	949
2	1	1988	321	8	1	3	943
2	1	1988	321	8	1	2	760
2	1	1988	321	8	2	2	1291
2	1	1988	321	8	2	3	428
2	1	1988	326	9	1	2	239
2	1	1988	326	9	1	3	448
2	1	1988	326	9	2	2	28
2	1	1988	326	9	2	3	18
2	1	1989	325	1	1	3	949
2	1	1989	325	1	1	2	894
2	1	1989	325	1	2	3	52
2	1	1989	325	1	2	2	92
2	1	1989	325	2	0	0	0
2	1	1989	325	2	1	3	659
2	1	1989	325	2	1	2	118
2	1	1989	325	2	2	2	18
2	1	1989	325	2	2	3	10
2	1	1989	325	3	1	3	316
2	1	1989	325	3	1	2	87
2	1	1989	325	3	2	3	21
2	1	1989	325	3	2	2	28
2	1	1989	324	4	1	2	3282
2	1	1989	324	4	1	3	1493
2	1	1989	324	4	2	3	505
2	1	1989	324	4	2	2	7575
2	1	1989	324	5	1	3	1261
2	1	1989	324	5	1	2	680
2	1	1989	324	5	2	3	611
2	1	1989	324	5	2	2	792
2	1	1989	322	7	1	2	514
2	1	1989	322	7	1	3	1071
2	1	1989	322	7	2	3	1154
2	1	1989	322	7	2	2	3292
2	1	1989	321	8	1	2	848
2	1	1989	321	8	1	3	890
2	1	1989	321	8	2	2	1659
2	1	1989	321	8	2	3	431
2	1	1989	326	9	1	3	483
2	1	1989	326	9	1	2	166
2	1	1989	326	9	2	3	19
2	1	1989	326	9	2	2	26
2	1	1990	325	1	1	2	854
2	1	1990	325	1	1	3	1041
2	1	1990	325	1	2	2	60
2	1	1990	325	1	2	3	51
2	1	1990	325	2	0	0	0
2	1	1990	325	2	1	3	765
2	1	1990	325	2	1	2	178
2	1	1990	325	2	2	3	25
2	1	1990	325	2	2	2	16
2	1	1990	325	3	1	2	102
2	1	1990	325	3	1	3	474
2	1	1990	325	3	2	3	36
2	1	1990	325	3	2	2	32
2	1	1990	324	4	1	3	1139
2	1	1990	324	4	1	2	1368
2	1	1990	324	4	2	3	900
2	1	1990	324	4	2	2	5981
2	1	1990	324	5	1	3	1510
2	1	1990	324	5	1	2	678
2	1	1990	324	5	2	2	828
2	1	1990	324	5	2	3	810
2	1	1990	322	7	1	2	769
2	1	1990	322	7	1	3	858
2	1	1990	322	7	2	2	3201
2	1	1990	322	7	2	3	1046
2	1	1990	321	8	1	2	794
2	1	1990	321	8	1	3	745
2	1	1990	321	8	2	2	1117
2	1	1990	321	8	2	3	584
2	1	1990	326	9	1	2	95
2	1	1990	326	9	1	3	195
2	1	1990	326	9	2	2	24
2	1	1990	326	9	2	3	26
2	1	1991	325	1	1	2	1034
2	1	1991	325	1	1	3	1039
2	1	1991	325	1	2	2	77
2	1	1991	325	1	2	3	46
2	1	1991	325	2	0	0	0
2	1	1991	325	2	1	3	1102
2	1	1991	325	2	1	2	55
2	1	1991	325	2	2	3	20
2	1	1991	325	2	2	2	26
2	1	1991	325	3	1	2	83
2	1	1991	325	3	1	3	448
2	1	1991	325	3	2	3	43
2	1	1991	325	3	2	2	41
2	1	1991	324	4	1	2	5130
2	1	1991	324	4	1	3	892
2	1	1991	324	4	2	2	924
2	1	1991	324	4	2	3	1184
2	1	1991	324	5	1	3	3045
2	1	1991	324	5	1	2	1016
2	1	1991	324	5	2	3	1302
2	1	1991	324	5	2	2	1023
2	1	1991	322	7	1	3	1792
2	1	1991	322	7	1	2	529
2	1	1991	322	7	2	2	4473
2	1	1991	322	7	2	3	1914
2	1	1991	321	8	1	2	839
2	1	1991	321	8	1	3	952
2	1	1991	321	8	2	3	602
2	1	1991	321	8	2	2	1325
2	1	1991	326	9	1	2	92
2	1	1991	326	9	1	3	252
2	1	1991	326	9	2	2	25
2	1	1991	326	9	2	3	26
2	1	1992	325	1	1	3	1524
2	1	1992	325	1	1	2	1006
2	1	1992	325	1	2	2	139
2	1	1992	325	1	2	3	68
2	1	1992	325	2	0	0	722
2	1	1992	325	2	1	2	91
2	1	1992	325	2	1	3	664
2	1	1992	325	2	2	2	3
2	1	1992	325	2	2	3	8
2	1	1992	325	3	1	3	516
2	1	1992	325	3	1	2	117
2	1	1992	325	3	2	2	38
2	1	1992	325	3	2	3	50
2	1	1992	324	4	1	3	2343
2	1	1992	324	4	1	2	3451
2	1	1992	324	4	2	3	424
2	1	1992	324	4	2	2	6738
2	1	1992	324	5	1	3	1586
2	1	1992	324	5	1	2	602
2	1	1992	324	5	2	3	1444
2	1	1992	324	5	2	2	866
2	1	1992	322	7	1	3	2078
2	1	1992	322	7	1	2	961
2	1	1992	322	7	2	2	5998
2	1	1992	322	7	2	3	2339
2	1	1992	321	8	1	2	1078
2	1	1992	321	8	1	3	1087
2	1	1992	321	8	2	3	744
2	1	1992	321	8	2	2	1699
2	1	1992	326	9	1	3	437
2	1	1992	326	9	1	2	120
2	1	1992	326	9	2	2	35
2	1	1992	326	9	2	3	44
1	2	1993	325	1	0	3	0
1	2	1993	325	1	0	2	0
1	2	1993	325	1	0	4	0
1	2	1993	325	1	1	4	0
1	2	1993	325	1	1	2	890
1	2	1993	325	1	1	3	1830
2	1	1993	325	1	1	2	1246
2	1	1993	325	1	1	3	1227
1	2	1993	325	1	2	1	0
1	2	1993	325	1	2	3	80
1	2	1993	325	1	2	2	10
2	1	1993	325	1	2	3	74
2	1	1993	325	1	2	2	92
1	2	1993	325	2	0	3	570
1	2	1993	325	2	0	2	80
1	2	1993	325	2	0	4	110
2	1	1993	325	2	0	0	639
1	2	1993	325	2	1	2	110
1	2	1993	325	2	1	3	590
1	2	1993	325	2	1	4	60
2	1	1993	325	2	1	2	147
2	1	1993	325	2	1	3	842
1	2	1993	325	2	2	1	0
1	2	1993	325	2	2	2	0
1	2	1993	325	2	2	3	0
2	1	1993	325	2	2	3	54
2	1	1993	325	2	2	2	22
1	2	1993	325	3	0	2	0
1	2	1993	325	3	0	3	0
1	2	1993	325	3	0	4	0
1	2	1993	325	3	1	2	180
1	2	1993	325	3	1	3	1370
1	2	1993	325	3	1	4	0
2	1	1993	325	3	1	2	214
2	1	1993	325	3	1	3	759
1	2	1993	325	3	2	2	20
1	2	1993	325	3	2	3	30
1	2	1993	325	3	2	1	0
2	1	1993	325	3	2	3	42
2	1	1993	325	3	2	2	49
1	2	1993	324	4	0	3	0
1	2	1993	324	4	0	4	0
1	2	1993	324	4	0	2	0
1	2	1993	324	4	1	4	0
1	2	1993	324	4	1	2	2800
1	2	1993	324	4	1	3	900
2	1	1993	324	4	1	2	4942
2	1	1993	324	4	1	3	1877
1	2	1993	324	4	2	1	0
1	2	1993	324	4	2	3	1300
1	2	1993	324	4	2	2	4100
2	1	1993	324	4	2	2	4627
2	1	1993	324	4	2	3	1046
1	2	1993	324	5	0	3	0
1	2	1993	324	5	0	4	0
1	2	1993	324	5	0	2	0
1	2	1993	324	5	1	4	0
1	2	1993	324	5	1	2	400
1	2	1993	324	5	1	3	900
2	1	1993	324	5	1	2	562
2	1	1993	324	5	1	3	1327
1	2	1993	324	5	2	1	0
1	2	1993	324	5	2	2	1000
1	2	1993	324	5	2	3	1300
2	1	1993	324	5	2	3	936
2	1	1993	324	5	2	2	757
1	2	1993	322	7	0	3	0
1	2	1993	322	7	0	4	0
1	2	1993	322	7	0	2	0
1	2	1993	322	7	1	2	400
1	2	1993	322	7	1	4	0
1	2	1993	322	7	1	3	1100
2	1	1993	322	7	1	2	948
2	1	1993	322	7	1	3	1778
1	2	1993	322	7	2	2	11000
1	2	1993	322	7	2	1	0
1	2	1993	322	7	2	3	5700
2	1	1993	322	7	2	2	10888
2	1	1993	322	7	2	3	3269
1	2	1993	321	8	0	4	0
1	2	1993	321	8	0	3	0
1	2	1993	321	8	0	2	0
1	2	1993	321	8	1	4	0
1	2	1993	321	8	1	2	1500
1	2	1993	321	8	1	3	1600
2	1	1993	321	8	1	2	2000
2	1	1993	321	8	1	3	878
1	2	1993	321	8	2	2	1500
1	2	1993	321	8	2	3	900
1	2	1993	321	8	2	1	0
2	1	1993	321	8	2	3	717
2	1	1993	321	8	2	2	2000
1	2	1993	326	9	0	4	0
1	2	1993	326	9	0	3	0
1	2	1993	326	9	0	2	0
1	2	1993	326	9	1	3	350
1	2	1993	326	9	1	4	0
1	2	1993	326	9	1	2	120
2	1	1993	326	9	1	3	422
2	1	1993	326	9	1	2	115
1	2	1993	326	9	2	2	30
1	2	1993	326	9	2	1	0
1	2	1993	326	9	2	3	30
2	1	1993	326	9	2	2	33
2	1	1993	326	9	2	3	34
1	2	1994	325	1	0	4	0
1	2	1994	325	1	0	2	0
1	2	1994	325	1	0	3	0
1	2	1994	325	1	1	4	0
1	2	1994	325	1	1	3	1400
1	2	1994	325	1	1	2	1500
2	1	1994	325	1	1	3	1336
2	1	1994	325	1	1	2	980
1	2	1994	325	1	2	2	60
1	2	1994	325	1	2	3	50
1	2	1994	325	1	2	1	0
2	1	1994	325	1	2	2	127
2	1	1994	325	1	2	3	68
1	2	1994	325	2	0	4	80
1	2	1994	325	2	0	2	70
1	2	1994	325	2	0	3	430
2	1	1994	325	2	0	0	626
1	2	1994	325	2	1	3	820
1	2	1994	325	2	1	4	70
1	2	1994	325	2	1	2	120
2	1	1994	325	2	1	3	794
2	1	1994	325	2	1	2	131
1	2	1994	325	2	2	3	0
1	2	1994	325	2	2	2	0
1	2	1994	325	2	2	1	0
2	1	1994	325	2	2	2	22
2	1	1994	325	2	2	3	14
1	2	1994	325	3	0	4	0
1	2	1994	325	3	0	3	0
1	2	1994	325	3	0	2	0
1	2	1994	325	3	1	4	0
1	2	1994	325	3	1	2	310
1	2	1994	325	3	1	3	360
2	1	1994	325	3	1	2	238
2	1	1994	325	3	1	3	1184
1	2	1994	325	3	2	3	40
1	2	1994	325	3	2	1	0
1	2	1994	325	3	2	2	60
2	1	1994	325	3	2	2	87
2	1	1994	325	3	2	3	66
1	2	1994	324	4	0	3	0
1	2	1994	324	4	0	4	0
1	2	1994	324	4	0	2	0
1	2	1994	324	4	1	4	0
1	2	1994	324	4	1	2	3850
1	2	1994	324	4	1	3	1380
2	1	1994	324	4	1	2	3311
2	1	1994	324	4	1	3	2159
1	2	1994	324	4	2	3	800
1	2	1994	324	4	2	1	0
1	2	1994	324	4	2	2	12770
2	1	1994	324	4	2	2	12610
2	1	1994	324	4	2	3	920
1	2	1994	324	5	0	3	0
1	2	1994	324	5	0	4	0
1	2	1994	324	5	0	2	0
1	2	1994	324	5	1	4	0
1	2	1994	324	5	1	2	1360
1	2	1994	324	5	1	3	720
2	1	1994	324	5	1	3	1350
2	1	1994	324	5	1	2	928
1	2	1994	324	5	2	3	1300
1	2	1994	324	5	2	1	0
1	2	1994	324	5	2	2	510
2	1	1994	324	5	2	2	828
2	1	1994	324	5	2	3	1037
1	2	1994	324	6	0	3	0
1	2	1994	324	6	0	4	0
1	2	1994	324	6	0	2	0
1	2	1994	324	6	1	4	0
1	2	1994	324	6	1	2	240
1	2	1994	324	6	1	3	160
1	2	1994	324	6	2	3	20
1	2	1994	324	6	2	1	0
1	2	1994	324	6	2	2	140
1	2	1994	322	7	0	3	0
1	2	1994	322	7	0	2	0
1	2	1994	322	7	0	4	0
1	2	1994	322	7	1	4	0
1	2	1994	322	7	1	2	440
1	2	1994	322	7	1	3	1230
2	1	1994	322	7	1	2	674
2	1	1994	322	7	1	3	1870
1	2	1994	322	7	2	3	11650
1	2	1994	322	7	2	1	0
1	2	1994	322	7	2	2	2920
2	1	1994	322	7	2	3	9690
2	1	1994	322	7	2	2	7908
1	2	1994	321	8	0	3	0
1	2	1994	321	8	0	2	0
1	2	1994	321	8	0	4	0
1	2	1994	321	8	1	4	0
1	2	1994	321	8	1	2	550
1	2	1994	321	8	1	3	890
2	1	1994	321	8	1	3	1565
2	1	1994	321	8	1	2	955
1	2	1994	321	8	2	3	450
1	2	1994	321	8	2	1	0
1	2	1994	321	8	2	2	1720
2	1	1994	321	8	2	2	2586
2	1	1994	321	8	2	3	850
1	2	1994	326	9	0	3	0
1	2	1994	326	9	0	2	0
1	2	1994	326	9	0	4	0
1	2	1994	326	9	1	4	0
1	2	1994	326	9	1	2	110
1	2	1994	326	9	1	3	410
2	1	1994	326	9	1	2	153
2	1	1994	326	9	1	3	328
1	2	1994	326	9	2	3	60
1	2	1994	326	9	2	1	0
1	2	1994	326	9	2	2	40
2	1	1994	326	9	2	3	40
2	1	1994	326	9	2	2	32
1	2	1995	325	1	0	4	0
1	2	1995	325	1	0	3	0
1	2	1995	325	1	0	2	0
1	2	1995	325	1	1	4	0
1	2	1995	325	1	1	3	1450
1	2	1995	325	1	1	2	1020
2	1	1995	325	1	1	3	1469
2	1	1995	325	1	1	2	1364
1	2	1995	325	1	2	3	40
1	2	1995	325	1	2	2	60
1	2	1995	325	1	2	1	0
2	1	1995	325	1	2	3	18
2	1	1995	325	1	2	2	270
1	2	1995	325	2	0	4	130
1	2	1995	325	2	0	3	260
1	2	1995	325	2	0	2	50
2	1	1995	325	2	0	0	476
1	2	1995	325	2	1	4	80
1	2	1995	325	2	1	3	360
1	2	1995	325	2	1	2	150
2	1	1995	325	2	1	3	701
2	1	1995	325	2	1	2	99
1	2	1995	325	2	2	2	0
1	2	1995	325	2	2	3	0
1	2	1995	325	2	2	1	0
2	1	1995	325	2	2	2	20
2	1	1995	325	2	2	3	4
1	2	1995	325	3	0	4	0
1	2	1995	325	3	0	3	0
1	2	1995	325	3	0	2	0
1	2	1995	325	3	1	3	1370
1	2	1995	325	3	1	4	0
1	2	1995	325	3	1	2	240
2	1	1995	325	3	1	3	906
2	1	1995	325	3	1	2	198
1	2	1995	325	3	2	2	50
1	2	1995	325	3	2	1	0
1	2	1995	325	3	2	3	50
2	1	1995	325	3	2	2	46
2	1	1995	325	3	2	3	49
1	2	1995	324	4	0	4	0
1	2	1995	324	4	0	3	0
1	2	1995	324	4	0	2	0
1	2	1995	324	4	1	3	1900
1	2	1995	324	4	1	2	1500
1	2	1995	324	4	1	4	0
2	1	1995	324	4	1	3	2147
2	1	1995	324	4	1	2	3496
1	2	1995	324	4	2	1	0
1	2	1995	324	4	2	3	2400
1	2	1995	324	4	2	2	17800
2	1	1995	324	4	2	3	1556
2	1	1995	324	4	2	2	19520
1	2	1995	324	5	0	3	0
1	2	1995	324	5	0	2	0
1	2	1995	324	5	0	4	0
1	2	1995	324	5	1	2	620
1	2	1995	324	5	1	4	0
1	2	1995	324	5	1	3	1410
2	1	1995	324	5	1	3	2133
2	1	1995	324	5	1	2	1050
1	2	1995	324	5	2	1	0
1	2	1995	324	5	2	3	2330
1	2	1995	324	5	2	2	1840
2	1	1995	324	5	2	3	1267
2	1	1995	324	5	2	2	1183
1	2	1995	324	6	0	3	0
1	2	1995	324	6	0	2	0
1	2	1995	324	6	0	4	0
1	2	1995	324	6	1	2	150
1	2	1995	324	6	1	4	0
1	2	1995	324	6	1	3	170
1	2	1995	324	6	2	1	0
1	2	1995	324	6	2	3	30
1	2	1995	324	6	2	2	170
1	2	1995	322	7	0	3	0
1	2	1995	322	7	0	2	0
1	2	1995	322	7	0	4	0
1	2	1995	322	7	1	2	800
1	2	1995	322	7	1	3	1100
1	2	1995	322	7	1	4	0
2	1	1995	322	7	1	3	1259
2	1	1995	322	7	1	2	1135
1	2	1995	322	7	2	3	4700
1	2	1995	322	7	2	1	0
1	2	1995	322	7	2	2	5500
2	1	1995	322	7	2	3	3271
2	1	1995	322	7	2	2	8261
1	2	1995	321	8	0	2	0
1	2	1995	321	8	0	3	0
1	2	1995	321	8	0	4	0
1	2	1995	321	8	1	4	0
1	2	1995	321	8	1	2	550
1	2	1995	321	8	1	3	1670
2	1	1995	321	8	1	2	1727
2	1	1995	321	8	1	3	775
1	2	1995	321	8	2	3	1440
1	2	1995	321	8	2	1	0
1	2	1995	321	8	2	2	1300
2	1	1995	321	8	2	2	1944
2	1	1995	321	8	2	3	1317
1	2	1995	326	9	0	2	0
1	2	1995	326	9	0	3	0
1	2	1995	326	9	0	4	0
1	2	1995	326	9	1	4	0
1	2	1995	326	9	1	2	120
1	2	1995	326	9	1	3	350
2	1	1995	326	9	1	3	375
2	1	1995	326	9	1	2	114
1	2	1995	326	9	2	3	30
1	2	1995	326	9	2	1	0
1	2	1995	326	9	2	2	40
2	1	1995	326	9	2	3	24
2	1	1995	326	9	2	2	26
1	2	1996	325	1	0	4	0
1	2	1996	325	1	0	2	0
1	2	1996	325	1	0	3	0
1	2	1996	325	1	1	4	0
1	2	1996	325	1	1	3	2150
1	2	1996	325	1	1	2	1610
2	1	1996	325	1	1	3	1658
2	1	1996	325	1	1	2	1334
1	2	1996	325	1	2	2	110
1	2	1996	325	1	2	3	100
1	2	1996	325	1	2	1	0
2	1	1996	325	1	2	3	106
2	1	1996	325	1	2	2	179
1	2	1996	325	2	0	4	50
1	2	1996	325	2	0	2	0
1	2	1996	325	2	0	3	660
2	1	1996	325	2	0	0	672
1	2	1996	325	2	1	3	1080
1	2	1996	325	2	1	4	0
1	2	1996	325	2	1	2	120
2	1	1996	325	2	1	2	125
2	1	1996	325	2	1	3	787
1	2	1996	325	2	2	2	0
1	2	1996	325	2	2	3	0
1	2	1996	325	2	2	1	0
2	1	1996	325	2	2	2	5
2	1	1996	325	2	2	3	16
1	2	1996	325	3	0	4	0
1	2	1996	325	3	0	2	0
1	2	1996	325	3	0	3	0
1	2	1996	325	3	1	3	1650
1	2	1996	325	3	1	4	0
1	2	1996	325	3	1	2	140
2	1	1996	325	3	1	2	267
2	1	1996	325	3	1	3	958
1	2	1996	325	3	2	2	50
1	2	1996	325	3	2	3	110
1	2	1996	325	3	2	1	0
2	1	1996	325	3	2	2	49
2	1	1996	325	3	2	3	64
1	2	1996	324	4	0	4	0
1	2	1996	324	4	0	3	0
1	2	1996	324	4	0	2	0
1	2	1996	324	4	1	3	1610
1	2	1996	324	4	1	4	0
1	2	1996	324	4	1	2	1810
2	1	1996	324	4	1	3	1574
2	1	1996	324	4	1	2	3249
1	2	1996	324	4	2	2	1490
1	2	1996	324	4	2	3	3020
1	2	1996	324	4	2	1	0
2	1	1996	324	4	2	3	1458
2	1	1996	324	4	2	2	2967
1	2	1996	324	5	0	2	0
1	2	1996	324	5	0	4	0
1	2	1996	324	5	0	3	0
1	2	1996	324	5	1	4	0
1	2	1996	324	5	1	2	340
1	2	1996	324	5	1	3	1910
2	1	1996	324	5	1	2	522
2	1	1996	324	5	1	3	1943
1	2	1996	324	5	2	3	1630
1	2	1996	324	5	2	1	0
1	2	1996	324	5	2	2	740
2	1	1996	324	5	2	2	1416
2	1	1996	324	5	2	3	1062
1	2	1996	324	6	0	4	0
1	2	1996	324	6	0	2	0
1	2	1996	324	6	0	3	0
1	2	1996	324	6	1	4	0
1	2	1996	324	6	1	2	240
1	2	1996	324	6	1	3	170
1	2	1996	324	6	2	3	60
1	2	1996	324	6	2	1	0
1	2	1996	324	6	2	2	220
1	2	1996	322	7	0	2	0
1	2	1996	322	7	0	3	0
1	2	1996	322	7	0	4	0
1	2	1996	322	7	1	4	0
1	2	1996	322	7	1	2	780
1	2	1996	322	7	1	3	1680
2	1	1996	322	7	1	2	1147
2	1	1996	322	7	1	3	2234
1	2	1996	322	7	2	3	7150
1	2	1996	322	7	2	1	0
1	2	1996	322	7	2	2	6000
2	1	1996	322	7	2	3	5036
2	1	1996	322	7	2	2	9689
1	2	1996	321	8	0	2	0
1	2	1996	321	8	0	3	0
1	2	1996	321	8	0	4	0
1	2	1996	321	8	1	4	0
1	2	1996	321	8	1	2	880
1	2	1996	321	8	1	3	3750
2	1	1996	321	8	1	2	1381
2	1	1996	321	8	1	3	2000
1	2	1996	321	8	2	3	2010
1	2	1996	321	8	2	1	0
1	2	1996	321	8	2	2	1220
2	1	1996	321	8	2	3	858
2	1	1996	321	8	2	2	2406
1	2	1996	326	9	0	2	0
1	2	1996	326	9	0	3	0
1	2	1996	326	9	0	4	0
1	2	1996	326	9	1	4	0
1	2	1996	326	9	1	2	140
1	2	1996	326	9	1	3	570
2	1	1996	326	9	1	3	439
2	1	1996	326	9	1	2	131
1	2	1996	326	9	2	3	110
1	2	1996	326	9	2	1	0
1	2	1996	326	9	2	2	40
2	1	1996	326	9	2	2	26
2	1	1996	326	9	2	3	53
1	2	1997	325	1	0	4	0
1	2	1997	325	1	0	2	0
1	2	1997	325	1	0	3	0
1	2	1997	325	1	1	3	1510
1	2	1997	325	1	1	4	0
1	2	1997	325	1	1	2	1290
2	1	1997	325	1	1	3	1679
2	1	1997	325	1	1	2	1459
1	2	1997	325	1	2	3	60
1	2	1997	325	1	2	2	100
1	2	1997	325	1	2	1	0
2	1	1997	325	1	2	3	44
2	1	1997	325	1	2	2	125
1	2	1997	325	2	0	4	0
1	2	1997	325	2	0	2	0
1	2	1997	325	2	0	3	320
2	1	1997	325	2	0	0	591
1	2	1997	325	2	1	4	0
1	2	1997	325	2	1	3	1350
1	2	1997	325	2	1	2	150
2	1	1997	325	2	1	3	928
2	1	1997	325	2	1	2	132
1	2	1997	325	2	2	2	0
1	2	1997	325	2	2	3	0
1	2	1997	325	2	2	1	0
2	1	1997	325	2	2	2	8
2	1	1997	325	2	2	3	9
1	2	1997	325	3	0	4	0
1	2	1997	325	3	0	3	0
1	2	1997	325	3	0	2	0
1	2	1997	325	3	1	3	660
1	2	1997	325	3	1	4	0
1	2	1997	325	3	1	2	240
2	1	1997	325	3	1	3	759
2	1	1997	325	3	1	2	248
1	2	1997	325	3	2	2	60
1	2	1997	325	3	2	3	20
1	2	1997	325	3	2	1	0
2	1	1997	325	3	2	3	31
2	1	1997	325	3	2	2	41
1	2	1997	324	4	0	2	0
1	2	1997	324	4	0	4	0
1	2	1997	324	4	0	3	0
1	2	1997	324	4	1	4	0
1	2	1997	324	4	1	3	390
1	2	1997	324	4	1	2	5580
2	1	1997	324	4	1	2	3406
2	1	1997	324	4	1	3	1279
1	2	1997	324	4	2	2	980
1	2	1997	324	4	2	3	430
1	2	1997	324	4	2	1	0
2	1	1997	324	4	2	2	2067
2	1	1997	324	4	2	3	609
1	2	1997	324	5	0	2	0
1	2	1997	324	5	0	4	0
1	2	1997	324	5	0	3	0
1	2	1997	324	5	1	4	0
1	2	1997	324	5	1	3	1330
1	2	1997	324	5	1	2	330
2	1	1997	324	5	1	3	1358
2	1	1997	324	5	1	2	389
1	2	1997	324	5	2	3	1620
1	2	1997	324	5	2	2	520
1	2	1997	324	5	2	1	0
2	1	1997	324	5	2	2	646
2	1	1997	324	5	2	3	1154
1	2	1997	324	6	0	2	0
1	2	1997	324	6	0	4	0
1	2	1997	324	6	0	3	0
1	2	1997	324	6	1	4	0
1	2	1997	324	6	1	3	160
1	2	1997	324	6	1	2	310
1	2	1997	324	6	2	3	60
1	2	1997	324	6	2	1	0
1	2	1997	324	6	2	2	210
1	2	1997	322	7	0	2	0
1	2	1997	322	7	0	3	0
1	2	1997	322	7	0	4	0
1	2	1997	322	7	1	4	0
1	2	1997	322	7	1	2	1300
1	2	1997	322	7	1	3	3590
2	1	1997	322	7	1	3	1761
2	1	1997	322	7	1	2	734
1	2	1997	322	7	2	3	2280
1	2	1997	322	7	2	1	0
1	2	1997	322	7	2	2	6740
2	1	1997	322	7	2	3	4848
2	1	1997	322	7	2	2	6346
1	2	1997	321	8	0	2	0
1	2	1997	321	8	0	3	0
1	2	1997	321	8	0	4	0
1	2	1997	321	8	1	4	0
1	2	1997	321	8	1	2	680
1	2	1997	321	8	1	3	690
2	1	1997	321	8	1	3	784
2	1	1997	321	8	1	2	1076
1	2	1997	321	8	2	3	490
1	2	1997	321	8	2	1	0
1	2	1997	321	8	2	2	990
2	1	1997	321	8	2	3	513
2	1	1997	321	8	2	2	1685
1	2	1997	326	9	0	2	0
1	2	1997	326	9	0	3	0
1	2	1997	326	9	0	4	0
1	2	1997	326	9	1	4	0
1	2	1997	326	9	1	2	120
1	2	1997	326	9	1	3	260
2	1	1997	326	9	1	3	325
2	1	1997	326	9	1	2	127
1	2	1997	326	9	2	3	60
1	2	1997	326	9	2	1	0
1	2	1997	326	9	2	2	40
2	1	1997	326	9	2	2	28
2	1	1997	326	9	2	3	35
1	2	1998	325	1	0	3	0
1	2	1998	325	1	0	2	0
1	2	1998	325	1	0	4	0
1	2	1998	325	1	1	2	2560
1	2	1998	325	1	1	4	0
1	2	1998	325	1	1	3	1590
2	1	1998	325	1	1	2	1449
2	1	1998	325	1	1	3	1569
1	2	1998	325	1	2	1	0
1	2	1998	325	1	2	2	100
1	2	1998	325	1	2	3	50
2	1	1998	325	1	2	3	60
2	1	1998	325	1	2	2	167
1	2	1998	325	2	0	3	170
1	2	1998	325	2	0	2	0
1	2	1998	325	2	0	4	0
2	1	1998	325	2	0	0	434
1	2	1998	325	2	1	2	120
1	2	1998	325	2	1	4	0
1	2	1998	325	2	1	3	470
2	1	1998	325	2	1	3	691
2	1	1998	325	2	1	2	105
1	2	1998	325	2	2	1	0
1	2	1998	325	2	2	3	0
1	2	1998	325	2	2	2	0
2	1	1998	325	2	2	2	8
2	1	1998	325	2	2	3	10
1	2	1998	325	3	0	3	0
1	2	1998	325	3	0	2	0
1	2	1998	325	3	0	4	0
1	2	1998	325	3	1	2	220
1	2	1998	325	3	1	4	0
1	2	1998	325	3	1	3	760
2	1	1998	325	3	1	3	813
2	1	1998	325	3	1	2	236
1	2	1998	325	3	2	1	0
1	2	1998	325	3	2	3	30
1	2	1998	325	3	2	2	60
2	1	1998	325	3	2	2	40
2	1	1998	325	3	2	3	31
1	2	1998	324	4	0	3	0
1	2	1998	324	4	0	2	0
1	2	1998	324	4	0	4	0
1	2	1998	324	4	1	2	5660
1	2	1998	324	4	1	4	0
1	2	1998	324	4	1	3	580
2	1	1998	324	4	1	3	1363
2	1	1998	324	4	1	2	3519
1	2	1998	324	4	2	1	0
1	2	1998	324	4	2	3	400
1	2	1998	324	4	2	2	3690
2	1	1998	324	4	2	2	4043
2	1	1998	324	4	2	3	502
1	2	1998	324	5	0	3	0
1	2	1998	324	5	0	2	0
1	2	1998	324	5	0	4	0
1	2	1998	324	5	1	2	330
1	2	1998	324	5	1	4	0
1	2	1998	324	5	1	3	1260
2	1	1998	324	5	1	2	782
2	1	1998	324	5	1	3	1257
1	2	1998	324	5	2	1	0
1	2	1998	324	5	2	3	1160
1	2	1998	324	5	2	2	720
2	1	1998	324	5	2	3	729
2	1	1998	324	5	2	2	849
1	2	1998	324	6	0	2	0
1	2	1998	324	6	0	3	0
1	2	1998	324	6	0	4	0
1	2	1998	324	6	1	2	180
1	2	1998	324	6	1	4	0
1	2	1998	324	6	1	3	140
1	2	1998	324	6	2	1	0
1	2	1998	324	6	2	3	60
1	2	1998	324	6	2	2	190
1	2	1998	322	7	0	3	0
1	2	1998	322	7	0	2	0
1	2	1998	322	7	0	4	0
1	2	1998	322	7	1	2	770
1	2	1998	322	7	1	4	0
1	2	1998	322	7	1	3	1050
2	1	1998	322	7	1	2	682
2	1	1998	322	7	1	3	1082
1	2	1998	322	7	2	1	0
1	2	1998	322	7	2	3	3250
1	2	1998	322	7	2	2	3290
2	1	1998	322	7	2	3	3502
2	1	1998	322	7	2	2	3886
1	2	1998	321	8	0	3	0
1	2	1998	321	8	0	2	0
1	2	1998	321	8	0	4	0
1	2	1998	321	8	1	3	1490
1	2	1998	321	8	1	2	1240
1	2	1998	321	8	1	4	0
2	1	1998	321	8	1	3	670
2	1	1998	321	8	1	2	894
1	2	1998	321	8	2	2	860
1	2	1998	321	8	2	1	0
1	2	1998	321	8	2	3	670
2	1	1998	321	8	2	2	1119
2	1	1998	321	8	2	3	751
1	2	1998	326	9	0	4	0
1	2	1998	326	9	0	3	0
1	2	1998	326	9	0	2	0
1	2	1998	326	9	1	3	250
1	2	1998	326	9	1	2	100
1	2	1998	326	9	1	4	0
2	1	1998	326	9	1	3	310
2	1	1998	326	9	1	2	120
1	2	1998	326	9	2	2	30
1	2	1998	326	9	2	1	0
1	2	1998	326	9	2	3	50
2	1	1998	326	9	2	2	28
2	1	1998	326	9	2	3	37
1	2	1999	325	1	0	4	0
1	2	1999	325	1	0	3	0
1	2	1999	325	1	0	2	0
1	2	1999	325	1	1	3	2070
1	2	1999	325	1	1	2	2400
1	2	1999	325	1	1	4	0
2	1	1999	325	1	1	3	1655
2	1	1999	325	1	1	2	1558
1	2	1999	325	1	2	2	110
1	2	1999	325	1	2	1	0
1	2	1999	325	1	2	3	80
2	1	1999	325	1	2	3	76
2	1	1999	325	1	2	2	184
1	2	1999	325	2	0	4	0
1	2	1999	325	2	0	3	90
1	2	1999	325	2	0	2	0
2	1	1999	325	2	0	0	209
1	2	1999	325	2	1	3	600
1	2	1999	325	2	1	2	110
1	2	1999	325	2	1	4	0
2	1	1999	325	2	1	2	68
2	1	1999	325	2	1	3	676
1	2	1999	325	2	2	2	0
1	2	1999	325	2	2	1	0
1	2	1999	325	2	2	3	0
2	1	1999	325	2	2	3	11
2	1	1999	325	2	2	2	5
1	2	1999	325	3	0	4	0
1	2	1999	325	3	0	3	0
1	2	1999	325	3	0	2	0
1	2	1999	325	3	1	3	1030
1	2	1999	325	3	1	2	170
1	2	1999	325	3	1	4	0
2	1	1999	325	3	1	3	553
2	1	1999	325	3	1	2	128
1	2	1999	325	3	2	2	50
1	2	1999	325	3	2	3	30
1	2	1999	325	3	2	1	0
2	1	1999	325	3	2	2	35
2	1	1999	325	3	2	3	38
1	2	1999	324	4	0	4	0
1	2	1999	324	4	0	2	0
1	2	1999	324	4	0	3	0
1	2	1999	324	4	1	3	1230
1	2	1999	324	4	1	4	0
1	2	1999	324	4	1	2	5200
2	1	1999	324	4	1	3	1546
2	1	1999	324	4	1	2	3676
1	2	1999	324	4	2	2	7400
1	2	1999	324	4	2	3	360
1	2	1999	324	4	2	1	0
2	1	1999	324	4	2	2	6368
2	1	1999	324	4	2	3	512
1	2	1999	324	5	0	2	0
1	2	1999	324	5	0	4	0
1	2	1999	324	5	0	3	0
1	2	1999	324	5	1	3	1200
1	2	1999	324	5	1	4	0
1	2	1999	324	5	1	2	380
2	1	1999	324	5	1	2	568
2	1	1999	324	5	1	3	906
1	2	1999	324	5	2	3	600
1	2	1999	324	5	2	2	790
1	2	1999	324	5	2	1	0
2	1	1999	324	5	2	3	698
2	1	1999	324	5	2	2	766
1	2	1999	324	6	0	4	0
1	2	1999	324	6	0	2	0
1	2	1999	324	6	0	3	0
1	2	1999	324	6	1	4	0
1	2	1999	324	6	1	3	140
1	2	1999	324	6	1	2	160
1	2	1999	324	6	2	3	40
1	2	1999	324	6	2	2	160
1	2	1999	324	6	2	1	0
1	2	1999	322	7	0	4	0
1	2	1999	322	7	0	2	0
1	2	1999	322	7	0	3	0
1	2	1999	322	7	1	4	0
1	2	1999	322	7	1	3	1140
1	2	1999	322	7	1	2	570
2	1	1999	322	7	1	2	279
2	1	1999	322	7	1	3	361
1	2	1999	322	7	2	3	1260
1	2	1999	322	7	2	2	4680
1	2	1999	322	7	2	1	0
2	1	1999	322	7	2	2	2418
2	1	1999	322	7	2	3	712
1	2	1999	321	8	0	4	0
1	2	1999	321	8	0	2	0
1	2	1999	321	8	0	3	0
1	2	1999	321	8	1	4	0
1	2	1999	321	8	1	3	990
1	2	1999	321	8	1	2	600
2	1	1999	321	8	1	3	414
2	1	1999	321	8	1	2	207
1	2	1999	321	8	2	3	130
1	2	1999	321	8	2	2	990
1	2	1999	321	8	2	1	0
2	1	1999	321	8	2	3	111
2	1	1999	321	8	2	2	763
1	2	1999	326	9	0	4	0
1	2	1999	326	9	0	2	0
1	2	1999	326	9	0	3	0
1	2	1999	326	9	1	4	0
1	2	1999	326	9	1	3	180
1	2	1999	326	9	1	2	90
2	1	1999	326	9	1	3	161
2	1	1999	326	9	1	2	98
1	2	1999	326	9	2	3	30
1	2	1999	326	9	2	2	30
1	2	1999	326	9	2	1	0
2	1	1999	326	9	2	3	18
2	1	1999	326	9	2	2	29
1	2	2000	325	1	0	2	0
1	2	2000	325	1	0	4	0
1	2	2000	325	1	0	3	0
1	2	2000	325	1	1	2	1400
1	2	2000	325	1	1	3	2000
1	2	2000	325	1	1	4	0
2	1	2000	325	1	1	3	1698
2	1	2000	325	1	1	2	1373
1	2	2000	325	1	2	1	0
1	2	2000	325	1	2	2	200
1	2	2000	325	1	2	3	200
2	1	2000	325	1	2	2	225
2	1	2000	325	1	2	3	136
1	2	2000	325	2	0	3	100
1	2	2000	325	2	0	2	0
1	2	2000	325	2	0	4	0
2	1	2000	325	2	0	0	0
1	2	2000	325	2	1	2	100
1	2	2000	325	2	1	3	700
1	2	2000	325	2	1	4	60
2	1	2000	325	2	1	2	104
2	1	2000	325	2	1	3	645
1	2	2000	325	2	2	1	0
1	2	2000	325	2	2	2	0
1	2	2000	325	2	2	3	0
2	1	2000	325	2	2	2	3
2	1	2000	325	2	2	3	10
1	2	2000	325	3	0	3	0
1	2	2000	325	3	0	2	0
1	2	2000	325	3	0	4	0
1	2	2000	325	3	1	2	300
1	2	2000	325	3	1	3	900
1	2	2000	325	3	1	4	0
2	1	2000	325	3	1	3	1252
2	1	2000	325	3	1	2	274
1	2	2000	325	3	2	1	0
1	2	2000	325	3	2	2	100
1	2	2000	325	3	2	3	300
2	1	2000	325	3	2	3	55
2	1	2000	325	3	2	2	53
1	2	2000	324	4	0	3	0
1	2	2000	324	4	0	2	0
1	2	2000	324	4	0	4	0
1	2	2000	324	4	1	2	2000
1	2	2000	324	4	1	3	2200
1	2	2000	324	4	1	4	0
2	1	2000	324	4	1	2	2935
2	1	2000	324	4	1	3	1804
1	2	2000	324	4	2	1	0
1	2	2000	324	4	2	2	2900
1	2	2000	324	4	2	3	900
2	1	2000	324	4	2	3	1629
2	1	2000	324	4	2	2	3399
1	2	2000	324	5	0	3	0
1	2	2000	324	5	0	2	0
1	2	2000	324	5	0	4	0
1	2	2000	324	5	1	2	500
1	2	2000	324	5	1	4	0
1	2	2000	324	5	1	3	4100
2	1	2000	324	5	1	2	423
2	1	2000	324	5	1	3	3657
1	2	2000	324	5	2	1	0
1	2	2000	324	5	2	3	600
1	2	2000	324	5	2	2	500
2	1	2000	324	5	2	3	771
2	1	2000	324	5	2	2	674
1	2	2000	324	6	0	3	0
1	2	2000	324	6	0	2	0
1	2	2000	324	6	0	4	0
1	2	2000	324	6	1	2	200
1	2	2000	324	6	1	4	0
1	2	2000	324	6	1	3	100
1	2	2000	324	6	2	1	0
1	2	2000	324	6	2	3	40
1	2	2000	324	6	2	2	200
1	2	2000	322	7	0	3	0
1	2	2000	322	7	0	2	0
1	2	2000	322	7	0	4	0
1	2	2000	322	7	1	2	1000
1	2	2000	322	7	1	4	0
1	2	2000	322	7	1	3	3700
2	1	2000	322	7	1	3	1266
2	1	2000	322	7	1	2	854
1	2	2000	322	7	2	1	0
1	2	2000	322	7	2	3	3100
1	2	2000	322	7	2	2	3600
2	1	2000	322	7	2	3	2557
2	1	2000	322	7	2	2	3870
1	2	2000	321	8	0	2	0
1	2	2000	321	8	0	3	0
1	2	2000	321	8	0	4	0
1	2	2000	321	8	1	3	3100
1	2	2000	321	8	1	2	500
1	2	2000	321	8	1	4	0
2	1	2000	321	8	1	2	608
2	1	2000	321	8	1	3	1892
1	2	2000	321	8	2	1	0
1	2	2000	321	8	2	3	600
1	2	2000	321	8	2	2	700
2	1	2000	321	8	2	3	589
2	1	2000	321	8	2	2	1491
1	2	2000	326	9	0	2	0
1	2	2000	326	9	0	3	0
1	2	2000	326	9	0	4	0
1	2	2000	326	9	1	2	100
1	2	2000	326	9	1	4	0
1	2	2000	326	9	1	3	700
2	1	2000	326	9	1	3	540
2	1	2000	326	9	1	2	134
1	2	2000	326	9	2	1	0
1	2	2000	326	9	2	3	100
1	2	2000	326	9	2	2	30
2	1	2000	326	9	2	3	39
2	1	2000	326	9	2	2	28
1	2	2001	325	1	1	2	2140
1	2	2001	325	1	1	3	2110
2	1	2001	325	1	1	3	1478
2	1	2001	325	1	1	2	1610
1	2	2001	325	1	2	2	170
1	2	2001	325	1	2	3	210
2	1	2001	325	1	2	2	1982
2	1	2001	325	1	2	3	69
1	2	2001	325	2	0	3	70
1	2	2001	325	2	0	4	0
2	1	2001	325	2	0	0	0
1	2	2001	325	2	1	2	190
1	2	2001	325	2	1	3	2030
1	2	2001	325	2	1	4	60
2	1	2001	325	2	1	2	98
2	1	2001	325	2	1	3	1322
2	1	2001	325	2	2	2	6
2	1	2001	325	2	2	3	6
1	2	2001	325	3	1	2	240
1	2	2001	325	3	1	3	730
2	1	2001	325	3	1	3	995
2	1	2001	325	3	1	2	155
1	2	2001	325	3	2	2	30
1	2	2001	325	3	2	3	30
2	1	2001	325	3	2	3	49
2	1	2001	325	3	2	2	39
1	2	2001	324	4	0	3	100
1	2	2001	324	4	1	3	700
1	2	2001	324	4	1	2	2000
2	1	2001	324	4	1	2	975
2	1	2001	324	4	1	3	1003
1	2	2001	324	4	2	2	1200
1	2	2001	324	4	2	3	600
2	1	2001	324	4	2	3	119
2	1	2001	324	4	2	2	788
1	2	2001	324	5	1	3	770
1	2	2001	324	5	1	2	250
2	1	2001	324	5	1	3	1196
2	1	2001	324	5	1	2	429
1	2	2001	324	5	2	2	210
1	2	2001	324	5	2	3	620
2	1	2001	324	5	2	3	537
2	1	2001	324	5	2	2	620
1	2	2001	324	6	1	3	170
1	2	2001	324	6	1	2	280
1	2	2001	324	6	2	2	90
1	2	2001	324	6	2	3	20
1	2	2001	322	7	1	2	630
1	2	2001	322	7	1	3	2200
2	1	2001	322	7	1	2	663
2	1	2001	322	7	1	3	990
1	2	2001	322	7	2	2	1230
1	2	2001	322	7	2	3	1320
2	1	2001	322	7	2	2	3084
2	1	2001	322	7	2	3	2883
1	2	2001	321	8	1	3	260
1	2	2001	321	8	1	2	410
2	1	2001	321	8	1	3	586
2	1	2001	321	8	1	2	480
1	2	2001	321	8	2	2	280
1	2	2001	321	8	2	3	520
2	1	2001	321	8	2	2	871
2	1	2001	321	8	2	3	294
1	2	2001	326	9	1	3	320
1	2	2001	326	9	1	2	120
2	1	2001	326	9	1	2	112
2	1	2001	326	9	1	3	296
1	2	2001	326	9	2	2	20
1	2	2001	326	9	2	3	30
2	1	2001	326	9	2	2	25
2	1	2001	326	9	2	3	33
1	2	2002	325	1	1	2	1570
1	2	2002	325	1	1	3	310
2	1	2002	325	1	1	2	2493
2	1	2002	325	1	1	3	1233
1	2	2002	325	1	2	2	160
1	2	2002	325	1	2	3	90
2	1	2002	325	1	2	2	60
2	1	2002	325	1	2	3	8
1	2	2002	325	2	0	3	80
1	2	2002	325	2	0	4	30
2	1	2002	325	2	0	0	176
1	2	2002	325	2	1	3	600
1	2	2002	325	2	1	4	80
1	2	2002	325	2	1	2	160
2	1	2002	325	2	1	2	32
2	1	2002	325	2	1	3	577
2	1	2002	325	2	2	2	3
2	1	2002	325	2	2	3	6
1	2	2002	325	3	1	2	240
1	2	2002	325	3	1	3	540
2	1	2002	325	3	1	2	78
2	1	2002	325	3	1	3	488
1	2	2002	325	3	2	2	30
1	2	2002	325	3	2	3	20
2	1	2002	325	3	2	2	22
2	1	2002	325	3	2	3	12
1	2	2002	324	4	1	3	670
1	2	2002	324	4	1	2	470
2	1	2002	324	4	1	2	629
2	1	2002	324	4	1	3	1006
1	2	2002	324	4	2	3	250
1	2	2002	324	4	2	2	630
2	1	2002	324	4	2	2	185
2	1	2002	324	4	2	3	25
1	2	2002	324	5	1	2	350
1	2	2002	324	5	1	3	1380
1	2	2002	324	5	1	4	180
2	1	2002	324	5	1	2	337
2	1	2002	324	5	1	3	935
1	2	2002	324	5	2	2	590
1	2	2002	324	5	2	3	890
2	1	2002	324	5	2	2	504
2	1	2002	324	5	2	3	262
1	2	2002	324	6	1	2	240
1	2	2002	324	6	1	3	150
1	2	2002	324	6	2	3	20
1	2	2002	324	6	2	2	60
1	2	2002	322	7	1	2	420
1	2	2002	322	7	1	3	350
1	2	2002	322	7	1	4	10
2	1	2002	322	7	1	2	355
2	1	2002	322	7	1	3	1312
1	2	2002	322	7	2	2	3450
1	2	2002	322	7	2	3	660
2	1	2002	322	7	2	3	484
2	1	2002	322	7	2	2	2399
1	2	2002	321	8	1	4	20
1	2	2002	321	8	1	3	670
1	2	2002	321	8	1	2	490
2	1	2002	321	8	1	2	457
2	1	2002	321	8	1	3	995
1	2	2002	321	8	2	2	440
1	2	2002	321	8	2	3	430
2	1	2002	321	8	2	3	38
2	1	2002	321	8	2	2	849
1	2	2002	326	9	1	2	110
1	2	2002	326	9	1	3	250
1	2	2002	326	9	1	4	10
2	1	2002	326	9	1	3	216
2	1	2002	326	9	1	2	66
1	2	2002	326	9	2	2	20
1	2	2002	326	9	2	3	20
2	1	2002	326	9	2	3	11
2	1	2002	326	9	2	2	17
1	2	2003	325	1	1	2	2170
1	2	2003	325	1	1	4	0
1	2	2003	325	1	1	3	2060
2	1	2003	325	1	1	2	1598
2	1	2003	325	1	1	3	2445
1	2	2003	325	1	2	2	190
1	2	2003	325	1	2	3	0
2	1	2003	325	1	2	2	262
2	1	2003	325	1	2	3	69
1	2	2003	325	2	0	3	100
2	1	2003	325	2	0	0	89
1	2	2003	325	2	1	3	3900
1	2	2003	325	2	1	2	200
2	1	2003	325	2	1	2	142
2	1	2003	325	2	1	3	1276
1	2	2003	325	2	2	2	0
1	2	2003	325	2	2	3	0
2	1	2003	325	2	2	3	6
2	1	2003	325	2	2	2	8
1	2	2003	325	3	1	2	210
1	2	2003	325	3	1	3	490
1	2	2003	325	3	1	4	0
2	1	2003	325	3	1	3	584
2	1	2003	325	3	1	2	186
1	2	2003	325	3	2	2	30
1	2	2003	325	3	2	3	20
2	1	2003	325	3	2	3	20
2	1	2003	325	3	2	2	43
1	2	2003	324	4	1	3	790
1	2	2003	324	4	1	2	5720
2	1	2003	324	4	1	2	1413
2	1	2003	324	4	1	3	476
1	2	2003	324	4	2	2	2750
1	2	2003	324	4	2	3	280
2	1	2003	324	4	2	3	35
2	1	2003	324	4	2	2	651
1	2	2003	324	5	1	3	1220
1	2	2003	324	5	1	4	0
1	2	2003	324	5	1	2	230
2	1	2003	324	5	1	2	260
2	1	2003	324	5	1	3	2056
1	2	2003	324	5	2	3	2130
1	2	2003	324	5	2	2	450
2	1	2003	324	5	2	3	1043
2	1	2003	324	5	2	2	548
1	2	2003	322	7	1	4	0
1	2	2003	322	7	1	3	890
1	2	2003	322	7	1	2	540
2	1	2003	322	7	1	3	747
2	1	2003	322	7	1	2	302
1	2	2003	322	7	2	2	1750
1	2	2003	322	7	2	3	2700
2	1	2003	322	7	2	3	2238
2	1	2003	322	7	2	2	3223
1	2	2003	321	8	1	3	660
1	2	2003	321	8	1	2	860
1	2	2003	321	8	1	4	0
2	1	2003	321	8	1	2	1282
2	1	2003	321	8	1	3	555
1	2	2003	321	8	2	2	550
1	2	2003	321	8	2	3	890
2	1	2003	321	8	2	3	560
2	1	2003	321	8	2	2	754
1	2	2003	326	9	1	2	100
1	2	2003	326	9	1	3	400
2	1	2003	326	9	1	2	89
2	1	2003	326	9	1	3	277
1	2	2003	326	9	2	3	0
1	2	2003	326	9	2	2	0
2	1	2003	326	9	2	3	26
2	1	2003	326	9	2	2	17
1	2	2004	325	1	1	3	1410
1	2	2004	325	1	1	2	2220
1	2	2004	325	1	1	4	90
2	1	2004	325	1	1	3	1810
2	1	2004	325	1	1	2	2277
1	2	2004	325	1	2	3	100
1	2	2004	325	1	2	2	180
2	1	2004	325	1	2	3	77
2	1	2004	325	1	2	2	281
1	2	2004	325	2	0	4	20
1	2	2004	325	2	0	3	140
2	1	2004	325	2	0	0	182
1	2	2004	325	2	1	3	1750
1	2	2004	325	2	1	2	280
1	2	2004	325	2	1	4	60
2	1	2004	325	2	1	2	165
2	1	2004	325	2	1	3	1372
2	1	2004	325	2	2	3	62
2	1	2004	325	2	2	2	10
1	2	2004	325	3	1	4	0
1	2	2004	325	3	1	3	670
1	2	2004	325	3	1	2	140
2	1	2004	325	3	1	2	198
2	1	2004	325	3	1	3	753
1	2	2004	325	3	2	2	30
1	2	2004	325	3	2	3	30
2	1	2004	325	3	2	2	98
2	1	2004	325	3	2	3	32
1	2	2004	324	4	1	2	680
1	2	2004	324	4	1	3	950
2	1	2004	324	4	1	3	813
2	1	2004	324	4	1	2	388
1	2	2004	324	4	2	2	15900
1	2	2004	324	4	2	3	200
2	1	2004	324	4	2	2	11997
2	1	2004	324	4	2	3	33
1	2	2004	324	5	1	2	600
1	2	2004	324	5	1	3	1800
2	1	2004	324	5	1	3	2002
2	1	2004	324	5	1	2	723
1	2	2004	324	5	2	2	560
1	2	2004	324	5	2	3	960
2	1	2004	324	5	2	3	1192
2	1	2004	324	5	2	2	747
1	2	2004	322	7	1	2	870
1	2	2004	322	7	1	3	980
1	2	2004	322	7	1	4	0
2	1	2004	322	7	1	2	550
2	1	2004	322	7	1	3	627
1	2	2004	322	7	2	2	18300
1	2	2004	322	7	2	3	830
2	1	2004	322	7	2	3	907
2	1	2004	322	7	2	2	10011
1	2	2004	321	8	1	3	1320
1	2	2004	321	8	1	2	610
2	1	2004	321	8	1	3	758
2	1	2004	321	8	1	2	693
1	2	2004	321	8	2	3	500
1	2	2004	321	8	2	2	2120
2	1	2004	321	8	2	2	2041
2	1	2004	321	8	2	3	593
1	2	2004	326	9	1	2	130
1	2	2004	326	9	1	3	470
2	1	2004	326	9	1	2	137
2	1	2004	326	9	1	3	619
1	2	2004	326	9	2	3	40
1	2	2004	326	9	2	2	20
2	1	2004	326	9	2	2	18
2	1	2004	326	9	2	3	38
1	1	2005	325	1	1	2	1760
1	1	2005	325	1	1	3	3100
2	1	2005	325	1	1	2	1500
2	1	2005	325	1	1	3	3310
1	1	2005	325	1	2	2	90
1	1	2005	325	1	2	3	120
2	1	2005	325	1	2	2	90
2	1	2005	325	1	2	3	140
2	1	2005	325	2	0	0	253
1	1	2005	325	2	1	3	1050
1	1	2005	325	2	1	2	160
2	1	2005	325	2	1	2	260
2	1	2005	325	2	1	3	1160
1	1	2005	325	2	2	2	20
1	1	2005	325	2	2	3	30
2	1	2005	325	2	2	2	10
2	1	2005	325	2	2	3	10
1	1	2005	325	3	1	3	600
1	1	2005	325	3	1	2	80
2	1	2005	325	3	1	2	170
2	1	2005	325	3	1	3	460
1	1	2005	325	3	2	3	40
1	1	2005	325	3	2	2	30
2	1	2005	325	3	2	2	20
2	1	2005	325	3	2	3	50
1	1	2005	324	4	1	3	300
1	1	2005	324	4	1	2	300
2	1	2005	324	4	1	3	490
2	1	2005	324	4	1	2	690
1	1	2005	324	4	2	3	100
1	1	2005	324	4	2	2	100
2	1	2005	324	4	2	2	290
2	1	2005	324	4	2	3	880
1	1	2005	324	5	1	3	2700
1	1	2005	324	5	1	2	500
2	1	2005	324	5	1	2	340
2	1	2005	324	5	1	3	2490
1	1	2005	324	5	2	3	400
1	1	2005	324	5	2	2	600
2	1	2005	324	5	2	2	140
2	1	2005	324	5	2	3	790
1	1	2005	324	6	1	2	1600
1	1	2005	324	6	1	3	2800
1	1	2005	324	6	2	2	200
1	1	2005	324	6	2	3	300
1	1	2005	322	7	1	3	2970
1	1	2005	322	7	1	2	510
2	1	2005	322	7	1	2	391
2	1	2005	322	7	1	3	3720
1	1	2005	322	7	2	3	6950
1	1	2005	322	7	2	2	1350
2	1	2005	322	7	2	2	1802
2	1	2005	322	7	2	3	4460
1	1	2005	321	8	1	3	1350
1	1	2005	321	8	1	2	740
2	1	2005	321	8	1	3	1520
2	1	2005	321	8	1	2	720
1	1	2005	321	8	2	2	920
1	1	2005	321	8	2	3	260
2	1	2005	321	8	2	2	850
2	1	2005	321	8	2	3	520
1	1	2005	326	9	1	3	360
1	1	2005	326	9	1	2	70
2	1	2005	326	9	1	2	80
2	1	2005	326	9	1	3	220
1	1	2005	326	9	2	3	40
1	1	2005	326	9	2	2	10
2	1	2005	326	9	2	2	20
2	1	2005	326	9	2	3	70
1	1	2006	325	1	1	2	1700
1	1	2006	325	1	1	3	2000
1	1	2006	325	1	2	2	100
1	1	2006	325	1	2	3	100
1	1	2006	325	2	1	2	200
1	1	2006	325	2	1	3	1400
1	1	2006	325	2	2	2	10
1	1	2006	325	2	2	3	30
1	1	2006	325	3	1	2	200
1	1	2006	325	3	1	3	600
1	1	2006	325	3	2	2	30
1	1	2006	325	3	2	3	60
1	1	2006	324	4	1	2	2000
1	1	2006	324	4	1	3	900
1	1	2006	324	4	2	2	1400
1	1	2006	324	4	2	3	300
1	1	2006	324	5	1	2	2500
1	1	2006	324	5	1	3	1700
1	1	2006	324	5	2	2	800
1	1	2006	324	5	2	3	900
1	1	2006	324	6	1	2	1100
1	1	2006	324	6	1	3	1400
1	1	2006	324	6	2	2	300
1	1	2006	324	6	2	3	100
1	1	2006	322	7	1	2	3500
1	1	2006	322	7	1	3	1000
1	1	2006	322	7	2	2	5400
1	1	2006	322	7	2	3	3500
1	1	2006	321	8	1	2	1500
1	1	2006	321	8	1	3	800
1	1	2006	321	8	2	2	900
1	1	2006	321	8	2	3	300
1	1	2006	326	9	1	2	100
1	1	2006	326	9	1	3	300
1	1	2006	326	9	2	2	30
1	1	2006	326	9	2	3	100
1	1	2007	325	1	1	2	2100
1	1	2007	325	1	1	3	3440
1	1	2007	325	1	2	2	110
1	1	2007	325	1	2	3	120
1	1	2007	325	2	1	2	180
1	1	2007	325	2	1	3	1080
1	1	2007	325	2	2	2	20
1	1	2007	325	2	2	3	20
1	1	2007	325	3	1	2	210
1	1	2007	325	3	1	3	980
1	1	2007	325	3	2	2	30
1	1	2007	325	3	2	3	30
1	1	2007	324	4	1	2	2410
1	1	2007	324	4	1	3	560
1	1	2007	324	4	2	2	970
1	1	2007	324	4	2	3	200
1	1	2007	324	5	1	2	790
1	1	2007	324	5	1	3	3260
1	1	2007	324	5	2	2	570
1	1	2007	324	5	2	3	740
1	1	2007	324	6	1	2	210
1	1	2007	324	6	1	3	1150
1	1	2007	324	6	2	2	250
1	1	2007	324	6	2	3	50
1	1	2007	322	7	1	2	1860
1	1	2007	322	7	1	3	2480
1	1	2007	322	7	2	2	2580
1	1	2007	322	7	2	3	2050
1	1	2007	321	8	1	2	2990
1	1	2007	321	8	1	3	1830
1	1	2007	321	8	2	2	820
1	1	2007	321	8	2	3	280
1	1	2007	326	9	1	2	130
1	1	2007	326	9	1	3	640
1	1	2007	326	9	2	2	30
1	1	2007	326	9	2	3	40
1	1	2008	325	1	1	2	2880
1	1	2008	325	1	1	3	3250
1	1	2008	325	1	2	2	130
1	1	2008	325	1	2	3	110
1	1	2008	325	2	1	2	180
1	1	2008	325	2	1	3	1860
1	1	2008	325	2	2	2	20
1	1	2008	325	2	2	3	50
1	1	2008	325	3	1	2	250
1	1	2008	325	3	1	3	1040
1	1	2008	325	3	2	2	30
1	1	2008	325	3	2	3	40
1	1	2008	324	4	1	2	1370
1	1	2008	324	4	1	3	1590
1	1	2008	324	4	2	2	920
1	1	2008	324	4	2	3	260
1	1	2008	324	5	1	2	710
1	1	2008	324	5	1	3	4310
1	1	2008	324	5	2	2	530
1	1	2008	324	5	2	3	630
1	1	2008	324	6	1	2	490
1	1	2008	324	6	1	3	1500
1	1	2008	324	6	2	2	240
1	1	2008	324	6	2	3	60
1	1	2008	322	7	1	2	1490
1	1	2008	322	7	1	3	4010
1	1	2008	322	7	2	2	3040
1	1	2008	322	7	2	3	1890
1	1	2008	321	8	1	2	3360
1	1	2008	321	8	1	3	3500
1	1	2008	321	8	2	2	640
1	1	2008	321	8	2	3	400
1	1	2008	326	9	1	2	110
1	1	2008	326	9	1	3	650
1	1	2008	326	9	2	2	30
1	1	2008	326	9	2	3	40
1	1	2009	325	1	1	2	1715
1	1	2009	325	1	1	3	2617
1	1	2009	325	1	2	2	118
1	1	2009	325	1	2	3	128
1	1	2009	325	2	1	2	210
1	1	2009	325	2	1	3	1260
1	1	2009	325	2	2	2	22
1	1	2009	325	2	2	3	24
1	1	2009	325	3	1	2	254
1	1	2009	325	3	1	3	1715
1	1	2009	325	3	2	2	27
1	1	2009	325	3	2	3	29
1	1	2009	324	4	1	2	2107
1	1	2009	324	4	1	3	1577
1	1	2009	324	4	2	2	1158
1	1	2009	324	4	2	3	296
1	1	2009	324	5	1	2	1391
1	1	2009	324	5	1	3	2370
1	1	2009	324	5	2	2	551
1	1	2009	324	5	2	3	384
1	1	2009	324	6	1	2	586
1	1	2009	324	6	1	3	1708
1	1	2009	324	6	2	2	711
1	1	2009	324	6	2	3	286
1	1	2009	322	7	1	2	1111
1	1	2009	322	7	1	3	4089
1	1	2009	322	7	2	2	2400
1	1	2009	322	7	2	3	3482
1	1	2009	321	8	1	2	586
1	1	2009	321	8	1	3	1708
1	1	2009	321	8	2	2	711
1	1	2009	321	8	2	3	286
1	1	2009	326	9	1	2	130
1	1	2009	326	9	1	3	424
1	1	2009	326	9	2	2	34
1	1	2009	326	9	2	3	44
2	1	2008	325	1	1	2	3240
2	1	2008	325	1	1	3	3460
2	1	2008	325	1	2	2	310
2	1	2008	325	1	2	3	90
2	1	2008	325	2	1	2	280
2	1	2008	325	2	1	3	1440
2	1	2008	325	2	2	2	20
2	1	2008	325	2	2	3	10
2	1	2008	325	3	1	2	440
2	1	2008	325	3	1	3	860
2	1	2008	325	3	2	2	20
2	1	2008	325	3	2	3	50
2	1	2008	324	4	1	2	1680
2	1	2008	324	4	1	3	1040
2	1	2008	324	4	2	2	580
2	1	2008	324	4	2	3	250
2	1	2008	324	5	1	2	390
2	1	2008	324	5	1	3	6320
2	1	2008	324	5	2	2	500
2	1	2008	324	5	2	3	570
2	1	2008	324	6	1	2	2080
2	1	2008	324	6	1	3	1020
2	1	2008	324	6	2	2	150
2	1	2008	324	6	2	3	70
2	1	2008	322	7	1	2	1870
2	1	2008	322	7	1	3	2630
2	1	2008	322	7	2	2	1570
2	1	2008	322	7	2	3	1950
2	1	2008	321	8	1	2	3350
2	1	2008	321	8	1	3	2380
2	1	2008	321	8	2	2	300
2	1	2008	321	8	2	3	460
2	1	2008	326	9	1	2	10
2	1	2008	326	9	1	3	650
2	1	2008	326	9	2	2	20
2	1	2008	326	9	2	3	60
2	1	2009	325	1	1	2	2108
2	1	2009	325	1	1	3	2680
2	1	2009	325	1	2	2	110
2	1	2009	325	1	2	3	40
2	1	2009	325	2	1	2	260
2	1	2009	325	2	1	3	1260
2	1	2009	325	2	2	2	1
2	1	2009	325	2	2	3	30
2	1	2009	325	3	1	2	510
2	1	2009	325	3	1	3	1640
2	1	2009	325	3	2	2	90
2	1	2009	325	3	2	3	30
2	1	2009	324	4	1	2	2050
2	1	2009	324	4	1	3	1470
2	1	2009	324	4	2	2	1750
2	1	2009	324	4	2	3	40
2	1	2009	324	5	1	2	1290
2	1	2009	324	5	1	3	2240
2	1	2009	324	5	2	2	590
2	1	2009	324	5	2	3	460
2	1	2009	324	6	1	2	700
2	1	2009	324	6	1	3	1270
2	1	2009	324	6	2	2	10
2	1	2009	324	6	2	3	50
2	1	2009	322	7	1	2	1690
2	1	2009	322	7	1	3	3850
2	1	2009	322	7	2	2	1740
2	1	2009	322	7	2	3	2310
2	1	2009	321	8	1	2	680
2	1	2009	321	8	1	3	1400
2	1	2009	321	8	2	2	280
2	1	2009	321	8	2	3	20
2	1	2009	326	9	1	2	60
2	1	2009	326	9	1	3	650
2	1	2009	326	9	2	2	20
2	1	2009	326	9	2	3	40
1	1	2010	325	1	1	2	4736
1	1	2010	325	1	1	3	2011
1	1	2010	325	1	2	2	67
1	1	2010	325	1	2	3	78
1	1	2010	325	2	1	2	168
1	1	2010	325	2	1	3	2019
1	1	2010	325	2	2	2	2
1	1	2010	325	2	2	3	2
1	1	2010	325	3	1	2	171
1	1	2010	325	3	1	3	639
1	1	2010	325	3	2	2	17
1	1	2010	325	3	2	3	17
1	1	2010	324	4	1	2	2284
1	1	2010	324	4	1	3	918
1	1	2010	324	4	2	2	1031
1	1	2010	324	4	2	3	550
1	1	2010	324	5	1	2	949
1	1	2010	324	5	1	3	2738
1	1	2010	324	5	2	2	655
1	1	2010	324	5	2	3	942
1	1	2010	324	6	1	2	618
1	1	2010	324	6	1	3	920
1	1	2010	324	6	2	2	200
1	1	2010	324	6	2	3	60
1	1	2010	322	7	1	2	1151
1	1	2010	322	7	1	3	1341
1	1	2010	322	7	2	2	4006
1	1	2010	322	7	2	3	3838
1	1	2010	321	8	1	2	3500
1	1	2010	321	8	1	3	1268
1	1	2010	321	8	2	2	870
1	1	2010	321	8	2	3	774
1	1	2010	326	9	1	2	169
1	1	2010	326	9	1	3	723
1	1	2010	326	9	2	2	15
1	1	2010	326	9	2	3	61
1	1	2011	325	1	1	2	2167
1	1	2011	325	1	1	3	2605
1	1	2011	325	1	2	2	326
1	1	2011	325	1	2	3	73
1	1	2011	325	2	1	2	179
1	1	2011	325	2	1	3	1160
1	1	2011	325	2	2	2	13
1	1	2011	325	2	2	3	32
1	1	2011	325	3	1	2	223
1	1	2011	325	3	1	3	692
1	1	2011	325	3	2	2	23
1	1	2011	325	3	2	3	44
1	1	2011	324	4	1	2	1486
1	1	2011	324	4	1	3	1507
1	1	2011	324	4	2	2	875
1	1	2011	324	4	2	3	663
1	1	2011	324	5	1	2	1190
1	1	2011	324	5	1	3	3157
1	1	2011	324	5	2	2	938
1	1	2011	324	5	2	3	1264
1	1	2011	324	6	1	2	576
1	1	2011	324	6	1	3	660
1	1	2011	324	6	2	2	219
1	1	2011	324	6	2	3	63
1	1	2011	322	7	1	2	1079
1	1	2011	322	7	1	3	1220
1	1	2011	322	7	2	2	5437
1	1	2011	322	7	2	3	2020
1	1	2011	321	8	1	2	1396
1	1	2011	321	8	1	3	976
1	1	2011	321	8	2	2	1696
1	1	2011	321	8	2	3	761
1	1	2011	326	9	1	2	187
1	1	2011	326	9	1	3	644
1	1	2011	326	9	2	2	25
1	1	2011	326	9	2	3	60
1	1	2012	325	1	1	2	1806
1	1	2012	325	1	1	3	1672
1	1	2012	325	1	2	2	115
1	1	2012	325	1	2	3	81
1	1	2012	325	2	1	2	236
1	1	2012	325	2	1	3	429
1	1	2012	325	2	2	2	20
1	1	2012	325	2	2	3	30
1	1	2012	325	3	1	2	270
1	1	2012	325	3	1	3	718
1	1	2012	325	3	2	2	25
1	1	2012	325	3	2	3	35
1	1	2012	324	4	1	2	1496
1	1	2012	324	4	1	3	937
1	1	2012	324	4	2	2	5011
1	1	2012	324	4	2	3	291
1	1	2012	324	5	1	2	1172
1	1	2012	324	5	1	3	3050
1	1	2012	324	5	2	2	801
1	1	2012	324	5	2	3	943
1	1	2012	324	6	1	2	481
1	1	2012	324	6	1	3	739
1	1	2012	324	6	2	2	235
1	1	2012	324	6	2	3	57
1	1	2012	322	7	1	2	691
1	1	2012	322	7	1	3	1026
1	1	2012	322	7	2	2	3954
1	1	2012	322	7	2	3	1119
1	1	2012	321	8	1	2	674
1	1	2012	321	8	1	3	1232
1	1	2012	321	8	2	2	972
1	1	2012	321	8	2	3	502
1	1	2012	326	9	1	2	70
1	1	2012	326	9	1	3	511
1	1	2012	326	9	2	2	33
1	1	2012	326	9	2	3	60
1	1	2013	325	1	1	2	1615.982
1	1	2013	325	1	1	3	1732.667
1	1	2013	325	1	2	2	143.864
1	1	2013	325	1	2	3	100.961
1	1	2013	325	2   0   3   44.586
1	1	2013	325	2	1	2	161.513
1	1	2013	325	2	1	3	947.548
1	1	2013	325	2   1   4   70.762
1	1	2013	325	2	2	2	9.061
1	1	2013	325	2	2	3	13.867
1	1	2013	325	3	1	2	104.148
1	1	2013	325	3	1	3	330.753
1	1	2013	325	3	2	2	10.405
1	1	2013	325	3	2	3	20.193
1	1	2013	324	4	1	2	1642.902
1	1	2013	324	4	1	3	1426.185
1	1	2013	324	4	2	2	3183.335
1	1	2013	324	4	2	3	695.348
1	1	2013	324	5	1	2	723.215
1	1	2013	324	5	1	3	1600.951
1	1	2013	324	5	2	2	687.873
1	1	2013	324	5	2	3	658.586
1	1	2013	324	6	1	2	683.091
1	1	2013	324	6	1	3	1229.476
1	1	2013	324	6	2	2	43.166
1	1	2013	324	6	2	3	71.250
1	1	2013	322	7	1	2	640.874
1	1	2013	322	7	1	3	1092.829
1	1	2013	322	7	2	2	2521.514
1	1	2013	322	7	2	3	2143.478
1	1	2013	321	8	1	2	828.630
1	1	2013	321	8	1	3	1297.499
1	1	2013	321	8	2	2	672.599
1	1	2013	321	8	2	3	329.985
1	1	2013	326	9	1	2	135.816
1	1	2013	326	9	1	3	467.578
1	1	2013	326	9	2	2	35.715
1	1	2013	326	9	2	3	53.040
1	1	2014	324	4	1	2	2255.806
1	1	2014	324	4	1	3	547.808
1	1	2014	324	4	2	2	2723.432
1	1	2014	324	4	2	3	398.163
1	1	2014	324	6	1	2	307.44975
1	1	2014	324	6	1	3	1255.787
1	1	2014	324	6	2	2	154.352
1	1	2014	324	6	2	3	74.004
1	1	2014	324	5	1	2	1989.42225
1	1	2014	324	5	1	3	1217.063
1	1	2014	324	5	2	2	569.425
1	1	2014	324	5	2	3	428.308
1	1	2014	322	7	1	2	880.776
1	1	2014	322	7	1	3	735.744
1	1	2014	322	7	2	2	3985.93125
1	1	2014	322	7	2	3	1325.79
1	1	2014	321	8	1	2	818.143
1	1	2014	321	8	1	3	814.688
1	1	2014	321	8	2	2	572.832
1	1	2014	321	8	2	3	238.974
1	1	2014	325	2	1	2	115.158
1	1	2014	325	2	1	3	895.757
1	1	2014	325	2	2	2	50.698
1	1	2014	325	2	2	3	22.741
1	1	2014	325	2	0	3	49.5
1	1	2014	325	2	1	4	169.837
1	1	2014	325	3	1	2	107.913
1	1	2014	325	3	1	3	515.961
1	1	2014	325	3	2	2	18.272
1	1	2014	325	3	2	3	28.789
1	1	2014	325	1	1	2	3576.12125
1	1	2014	325	1	1	3	1706.66
1	1	2014	325	1	2	2	286.151
1	1	2014	325	1	2	3	56.355
1	1	2014	326	9	1	2	111.192
1	1	2014	326	9	1	3	370.915
1	1	2014	326	9	2	2	33.058
1	1	2014	326	9	2	3	26.922
1	1	2015	324	4	1	2	2736.124
1	1	2015	324	4	1	3	1702.481
1	1	2015	324	4	2	2	8729.279
1	1	2015	324	4	2	3	888.398
1	1	2015	324	6	1	2	520.015
1	1	2015	324	6	1	3	1172.163
1	1	2015	324	6	2	2	122.0065
1	1	2015	324	6	2	3	77.553
1	1	2015	324	5	1	2	3003.461
1	1	2015	324	5	1	3	3747.345
1	1	2015	324	5	2	2	785.728
1	1	2015	324	5	2	3	512.498
1	1	2015	322	7	1	2	1093.077
1	1	2015	322	7	1	3	1538.576
1	1	2015	322	7	2	2	7304.609
1	1	2015	322	7	2	3	2985.629
1	1	2015	321	8	1	2	1563.484
1	1	2015	321	8	1	3	1112.075
1	1	2015	321	8	2	2	763.41
1	1	2015	321	8	2	3	206.836
1	1	2015	325	2	1	2	117.258
1	1	2015	325	2	1	3	1434.683
1	1	2015	325	2	2	2	7.782
1	1	2015	325	2	2	3	16.41
1	1	2015	325	2	0	3	38.222
1	1	2015	325	2	1	4	109.652
1	1	2015	325	3	1	2	175.064
1	1	2015	325	3	1	3	837.606
1	1	2015	325	3	2	2	13.693
1	1	2015	325	3	2	3	30.686
1	1	2015	325	1	1	2	2289.384
1	1	2015	325	1	1	3	2846.205
1	1	2015	325	1	2	2	209.179
1	1	2015	325	1	2	3	113.228
1	1	2015	326	9	1	2	197.821
1	1	2015	326	9	1	3	426.975
1	1	2015	326	9	2	2	21.457
1	1	2015	326	9	2	3	27.775
1	1	2016	324	4	1	2	2639.326
1	1	2016	324	4	1	3	1360.845
1	1	2016	324	4	2	2	7636.064
1	1	2016	324	4	2	3	1360.32
1	1	2016	324	6	1	2	1304.15
1	1	2016	324	6	1	3	3817.883
1	1	2016	324	6	2	2	230.648
1	1	2016	324	6	2	3	165.708
1	1	2016	324	5	1	2	965.332
1	1	2016	324	5	1	3	1747.643
1	1	2016	324	5	2	2	1254.344
1	1	2016	324	5	2	3	928.251
1	1	2016	322	7	1	2	1725.835
1	1	2016	322	7	1	3	1078.873
1	1	2016	322	7	2	2	4466.773
1	1	2016	322	7	2	3	3269.202
1	1	2016	321	8	1	2	1290.818
1	1	2016	321	8	1	3	1321.49
1	1	2016	321	8	2	2	1688.358
1	1	2016	321	8	2	3	488.771
1	1	2016	325	2	1	2	159.912
1	1	2016	325	2	1	3	1760.615
1	1	2016	325	2	2	2	3.218
1	1	2016	325	2	2	3	13.88
1	1	2016	325	2	0	3	37.344
1	1	2016	325	2	1	4	175.07
1	1	2016	325	3	1	2	193.852
1	1	2016	325	3	1	3	948.513
1	1	2016	325	3	2	2	10.368
1	1	2016	325	3	2	3	20.834
1	1	2016	325	1	1	2	5121.8205
1	1	2016	325	1	1	3	2770.315
1	1	2016	325	1	2	2	186.309
1	1	2016	325	1	2	3	84.581
1	1	2016	326	9	1	2	178.05
1	1	2016	326	9	1	3	465.519
1	1	2016	326	9	2	2	18.605
1	1	2016	326	9	2	3	22.528
1	1	2017	324	4	1	2	2191.37
1	1	2017	324	4	1	3	2902.775
1	1	2017	324	4	2	2	2155.148
1	1	2017	324	4	2	3	371.266
1	1	2017	324	6	1	2	1296.097
1	1	2017	324	6	1	3	1744.663
1	1	2017	324	6	2	2	233.828
1	1	2017	324	6	2	3	214.717
1	1	2017	324	5	1	2	2064.09
1	1	2017	324	5	1	3	2895.558
1	1	2017	324	5	2	2	558.428
1	1	2017	324	5	2	3	582.932
1	1	2017	322	7	1	2	2249.42
1	1	2017	322	7	1	3	2961.568
1	1	2017	322	7	2	2	3040.31
1	1	2017	322	7	2	3	2457.01
1	1	2017	321	8	1	2	1433.615
1	1	2017	321	8	1	3	2495.048
1	1	2017	321	8	2	2	589.774
1	1	2017	321	8	2	3	478.697
1	1	2017	325	2	1	2	210.22
1	1	2017	325	2	1	3	1908.713
1	1	2017	325	2	2	2	1.873
1	1	2017	325	2	2	3	14.924
1	1	2017	325	2	0	3	19.047
1	1	2017	325	2	1	4	212.606
1	1	2017	325	3	1	2	200.677
1	1	2017	325	3	1	3	924.445
1	1	2017	325	3	2	2	12.351
1	1	2017	325	3	2	3	16.264
1	1	2017	325	1	1	2	3159.496
1	1	2017	325	1	1	3	2462.494
1	1	2017	325	1	2	2	166.667
1	1	2017	325	1	2	3	74.958
1	1	2017	326	9	1	2	154.332
1	1	2017	326	9	1	3	588.754
1	1	2017	326	9	2	2	29.723
1	1	2017	326	9	2	3	21.687
1	1	2018	324	4	1	2	4759.436
1	1	2018	324	4	1	3	2155.47
1	1	2018	324	4	2	2	932.593
1	1	2018	324	4	2	3	525.8491563
1	1	2018	324	6	1	2	556.607
1	1	2018	324	6	1	3	2804.805
1	1	2018	324	6	2	2	181.276
1	1	2018	324	6	2	3	158.831
1	1	2018	324	5	1	2	1529.46
1	1	2018	324	5	1	3	3298.452
1	1	2018	324	5	2	2	334.0890625
1	1	2018	324	5	2	3	649.686
1	1	2018	322	7	1	2	1085.57
1	1	2018	322	7	1	3	2552.263
1	1	2018	322	7	2	2	3009.931
1	1	2018	322	7	2	3	3021.42
1	1	2018	321	8	1	2	1983.391438
1	1	2018	321	8	1	3	1634.835
1	1	2018	321	8	2	2	501.895
1	1	2018	321	8	2	3	255.277
1	1	2018	325	2	1	2	987.381
1	1	2018	325	2	1	3	2718.497
1	1	2018	325	2	2	2	12.336
1	1	2018	325	2	2	3	12.311
1	1	2018	325	2	0	3	18.085
1	1	2018	325	2	1	4	242.855
1	1	2018	325	3	1	2	502.564
1	1	2018	325	3	1	3	1609.956
1	1	2018	325	3	2	2	11.232
1	1	2018	325	3	2	3	11.657
1	1	2018	325	1	1	2	5278.251
1	1	2018	325	1	1	3	3117.669
1	1	2018	325	1	2	2	163.951
1	1	2018	325	1	2	3	56.319
1	1	2018	326	9	1	2	191.828
1	1	2018	326	9	1	3	659.273
1	1	2018	326	9	2	2	13.808
1	1	2018	326	9	2	3	18.658
1	1	2019	324	4	1	2	2989.652
1	1	2019	324	4	1	3	2413.97
1	1	2019	324	4	2	2	1785.545
1	1	2019	324	4	2	3	49.722
1	1	2019	324	6	1	2	1466.587
1	1	2019	324	6	1	3	1847.015
1	1	2019	324	6	2	2	150.375
1	1	2019	324	6	2	3	57.5955
1	1	2019	324	5	1	2	1976.235
1	1	2019	324	5	1	3	3000.258
1	1	2019	324	5	2	2	384.471
1	1	2019	324	5	2	3	377.493
1	1	2019	322	7	1	2	2919.514
1	1	2019	322	7	1	3	2024.875
1	1	2019	322	7	2	2	1575.527
1	1	2019	322	7	2	3	1157.647
1	1	2019	321	8	1	2	1932.539
1	1	2019	321	8	1	3	1770.54
1	1	2019	321	8	2	2	154.707
1	1	2019	321	8	2	3	47.833
1	1	2019	325	2	1	2	1097.785
1	1	2019	325	2	1	3	4411.712
1	1	2019	325	2	2	2	5.4765
1	1	2019	325	2	2	3	24.121
1	1	2019	325	2	0	3	27.322
1	1	2019	325	2	1	4	332.304
1	1	2019	325	3	1	2	555.133
1	1	2019	325	3	1	3	1089.59
1	1	2019	325	3	2	2	10.33
1	1	2019	325	3	2	3	10.268
1	1	2019	325	1	1	2	1936.32
1	1	2019	325	1	1	3	5421.835
1	1	2019	325	1	2	2	224.424
1	1	2019	325	1	2	3	32.4
1	1	2019	326	9	1	2	231.61
1	1	2019	326	9	1	3	1099.519
1	1	2019	326	9	2	2	24.21
1	1	2019	326	9	2	3	9.543
